# Units: length:mm angle:deg time:s strain:% force:N 
# Stage: Stufe 98
stage;index;relative_time;date
"Stufe 98";98;63.5519;"2024-01-29T11:37:18.995"
# Name : Cetex-0°-1_Origin
force;untransformed;transformed
2624.6759;2624.6759;2624.6759
# Name : Flächenkomponente 1
id;x;y;z
0;20.8095;147.3186;-0.1432
1;21.4443;145.9326;-0.1489
2;21.4446;144.3678;-0.1389
3;21.4462;142.8043;-0.1360
4;21.4472;141.2380;-0.1315
5;21.4496;139.6758;-0.1296
6;21.4507;138.1094;-0.1264
7;21.4504;136.5455;-0.1184
8;21.4534;134.9806;-0.1159
9;21.4543;133.4170;-0.1101
10;21.4560;131.8532;-0.1053
11;21.4569;130.2893;-0.1023
12;21.4591;128.7233;-0.0985
13;21.4620;127.1611;-0.1030
14;21.4639;125.5951;-0.1002
15;21.4657;124.0321;-0.0970
16;21.4673;122.4669;-0.0962
17;21.4695;120.9016;-0.0914
18;21.4703;119.3359;-0.0856
19;21.4721;117.7738;-0.0867
20;21.4744;116.2069;-0.0845
21;21.4756;114.6416;-0.0784
22;21.4771;113.0781;-0.0770
23;21.4783;111.5121;-0.0699
24;21.4808;109.9482;-0.0696
25;21.4832;108.3839;-0.0675
26;21.4856;106.8196;-0.0671
27;21.4881;105.2532;-0.0679
28;21.4895;103.6890;-0.0629
29;21.4923;102.1234;-0.0665
30;21.4947;100.5590;-0.0628
31;21.4965;98.9942;-0.0599
32;21.4989;97.4280;-0.0574
33;21.5010;95.8632;-0.0536
34;21.5024;94.2983;-0.0460
35;21.5051;92.7336;-0.0506
36;21.5077;91.1690;-0.0497
37;21.5099;89.6032;-0.0443
38;21.5123;88.0381;-0.0433
39;21.5143;86.4723;-0.0396
40;21.5170;84.9061;-0.0419
41;21.5193;83.3406;-0.0371
42;21.5229;81.7747;-0.0388
43;21.5237;80.2108;-0.0289
44;21.5269;78.6442;-0.0323
45;21.5280;77.0787;-0.0225
46;21.5320;75.5131;-0.0294
47;21.5347;73.9472;-0.0258
48;21.5381;72.3818;-0.0279
49;21.5385;70.8172;-0.0171
50;21.5412;69.2515;-0.0152
51;21.5447;67.6858;-0.0154
52;21.5472;66.1207;-0.0156
53;21.5491;64.5550;-0.0089
54;21.5522;62.9890;-0.0078
55;21.5550;61.4247;-0.0038
56;21.5555;59.8575;0.0066
57;21.5588;58.2913;0.0022
58;21.5610;56.7263;0.0065
59;21.5633;55.1604;0.0093
60;21.5680;53.5946;0.0031
61;21.5709;52.0293;0.0031
62;21.5723;50.4637;0.0095
63;21.5748;48.8965;0.0151
64;21.5778;47.3315;0.0143
65;21.5812;45.7642;0.0112
66;21.5831;44.1977;0.0184
67;21.5848;42.6336;0.0244
68;21.5869;41.0665;0.0290
69;21.5889;39.5031;0.0340
70;21.5947;37.9343;0.0241
71;21.5950;36.3708;0.0337
72;21.5984;34.8050;0.0354
73;21.6008;33.2381;0.0389
74;21.6023;31.6729;0.0458
75;21.6078;30.1052;0.0328
76;21.6087;28.5397;0.0433
77;21.6126;26.9747;0.0372
78;21.6153;25.4079;0.0380
79;21.6188;23.8428;0.0395
80;21.6195;22.2792;0.0476
81;21.6227;20.7132;0.0504
82;21.6245;19.1456;0.0557
83;21.6268;17.5825;0.0605
84;21.6287;16.0168;0.0652
85;21.6307;14.4511;0.0693
86;21.6333;12.8859;0.0710
87;21.6356;11.3204;0.0761
88;21.6410;9.7539;0.0665
89;21.6414;8.1899;0.0761
90;21.6444;6.6242;0.0792
91;21.6465;5.0591;0.0858
92;21.6500;3.4948;0.0821
93;21.6563;1.9260;0.0634
94;21.2970;0.4630;0.0840
95;19.8155;0.2524;0.0821
96;18.2225;0.2381;0.0711
97;16.6308;0.2267;0.0660
98;15.0366;0.2138;0.0646
99;13.4467;0.1974;0.0568
100;11.8579;0.1842;0.0460
101;10.2672;0.1702;0.0528
102;8.6824;0.1550;0.0357
103;7.0985;0.1395;0.0235
104;5.5153;0.1241;0.0125
105;3.9309;0.1058;0.0045
106;2.3487;0.0915;0.0010
107;0.7677;0.0852;-0.0078
108;0.0098;0.9822;-0.0195
109;0.0104;2.5394;-0.0258
110;0.0101;4.0982;-0.0229
111;0.0090;5.6560;-0.0228
112;0.0092;7.2130;-0.0285
113;0.0090;8.7718;-0.0316
114;0.0082;10.3284;-0.0278
115;0.0077;11.8863;-0.0254
116;0.0079;13.4436;-0.0289
117;0.0057;15.0020;-0.0201
118;0.0062;16.5608;-0.0232
119;0.0051;18.1196;-0.0186
120;0.0046;19.6760;-0.0242
121;0.0041;21.2345;-0.0236
122;0.0053;22.7923;-0.0285
123;0.0052;24.3511;-0.0271
124;0.0048;25.9089;-0.0277
125;0.0029;27.4677;-0.0216
126;0.0010;29.0261;-0.0104
127;0.0013;30.5839;-0.0138
128;0.0021;32.1412;-0.0228
129;0.0014;33.6994;-0.0207
130;0.0006;35.2583;-0.0206
131;0.0006;36.8152;-0.0189
132;0.0011;38.3740;-0.0210
133;0.0015;39.9322;-0.0251
134;0.0005;41.4898;-0.0177
135;0.0001;43.0483;-0.0165
136;0.0005;44.6079;-0.0248
137;0.0000;46.1653;-0.0198
138;-0.0012;47.7235;-0.0136
139;-0.0022;49.2827;-0.0146
140;-0.0041;50.8415;-0.0089
141;-0.0022;52.3994;-0.0163
142;-0.0035;53.9576;-0.0097
143;-0.0035;55.5159;-0.0082
144;-0.0016;57.0733;-0.0181
145;-0.0022;58.6319;-0.0120
146;-0.0023;60.1894;-0.0123
147;-0.0033;61.7478;-0.0102
148;-0.0045;63.3050;-0.0128
149;-0.0037;64.8645;-0.0145
150;-0.0033;66.4214;-0.0153
151;-0.0043;67.9806;-0.0115
152;-0.0045;69.5371;-0.0088
153;-0.0042;71.0960;-0.0102
154;-0.0041;72.6532;-0.0113
155;-0.0033;74.2109;-0.0141
156;-0.0045;75.7695;-0.0087
157;-0.0057;77.3269;-0.0043
158;-0.0059;78.8847;-0.0048
159;-0.0034;80.4430;-0.0112
160;-0.0053;82.0004;-0.0032
161;-0.0052;83.5595;-0.0059
162;-0.0060;85.1176;-0.0029
163;-0.0048;86.6755;-0.0048
164;-0.0050;88.2321;-0.0097
165;-0.0056;89.7888;-0.0042
166;-0.0067;91.3450;0.0014
167;-0.0058;92.9026;0.0003
168;-0.0045;94.4596;-0.0045
169;-0.0050;96.0164;0.0000
170;-0.0052;97.5737;0.0004
171;-0.0053;99.1317;0.0029
172;-0.0048;100.6881;0.0036
173;-0.0029;102.2460;-0.0045
174;-0.0047;103.8025;0.0065
175;-0.0043;105.3608;0.0051
176;-0.0036;106.9166;0.0030
177;-0.0032;108.4729;0.0021
178;-0.0021;110.0301;-0.0030
179;-0.0034;111.5872;0.0083
180;-0.0023;113.1438;0.0095
181;-0.0024;114.6990;0.0103
182;-0.0011;116.2571;0.0106
183;-0.0017;117.8140;0.0125
184;0.0007;119.3725;0.0074
185;0.0012;120.9276;0.0059
186;-0.0004;122.4839;0.0141
187;-0.0009;124.0413;0.0168
188;0.0006;125.5987;0.0156
189;0.0015;127.1556;0.0137
190;0.0029;128.7121;0.0096
191;0.0041;130.2693;0.0055
192;0.0046;131.8238;0.0072
193;0.0062;133.3802;0.0098
194;0.0069;134.9374;0.0090
195;0.0091;136.4937;0.0012
196;0.0092;138.0519;0.0013
197;0.0094;139.6073;0.0050
198;0.0107;141.1628;0.0006
199;0.0109;142.7191;0.0035
200;0.0115;144.2754;0.0066
201;0.0137;145.8328;-0.0035
202;0.1503;147.3542;-0.0063
203;1.7171;147.3789;-0.0260
204;3.3002;147.3730;-0.0280
205;4.8862;147.3686;-0.0434
206;6.4738;147.3622;-0.0497
207;8.0601;147.3560;-0.0588
208;9.6504;147.3510;-0.0690
209;11.2404;147.3474;-0.0817
210;12.8331;147.3398;-0.0954
211;14.4252;147.3364;-0.1038
212;16.0209;147.3328;-0.1170
213;17.6147;147.3272;-0.1201
214;19.2114;147.3230;-0.1333
215;1.1175;145.8826;-0.0070
216;2.5482;145.9701;-0.0156
217;4.0670;145.9686;-0.0360
218;5.6227;145.9736;-0.0408
219;7.1979;145.9788;-0.0522
220;8.7821;145.9853;-0.0652
221;10.3713;145.9918;-0.0755
222;11.9591;145.9990;-0.0795
223;13.5526;146.0076;-0.1001
224;15.1418;146.0155;-0.1097
225;16.7235;146.0261;-0.1199
226;18.2907;146.0464;-0.1274
227;19.8409;146.1095;-0.1359
228;1.7054;144.5611;-0.0059
229;3.2613;144.5669;-0.0310
230;4.8136;144.5788;-0.0318
231;6.3815;144.5939;-0.0417
232;7.9599;144.6094;-0.0498
233;9.5464;144.6283;-0.0802
234;11.1319;144.6430;-0.0703
235;12.7235;144.6624;-0.0867
236;14.3143;144.6812;-0.0990
237;15.8951;144.6941;-0.1044
238;17.4547;144.7153;-0.1280
239;18.9487;144.7445;-0.1249
240;20.2818;144.8842;-0.1323
241;1.2022;143.2482;-0.0052
242;2.5608;143.1658;-0.0126
243;4.0528;143.1821;-0.0260
244;5.5981;143.2076;-0.0280
245;7.1698;143.2345;-0.0454
246;8.7494;143.2565;-0.0558
247;10.3369;143.2807;-0.0675
248;11.9278;143.3051;-0.0833
249;13.5160;143.3271;-0.0879
250;15.1050;143.3493;-0.0928
251;16.6897;143.3743;-0.1045
252;18.2766;143.4029;-0.1205
253;19.8951;143.4695;-0.1260
254;1.5945;141.8120;-0.0109
255;3.2232;141.7987;-0.0237
256;4.8059;141.8269;-0.0269
257;6.3833;141.8575;-0.0301
258;7.9650;141.8864;-0.0504
259;9.5504;141.9152;-0.0588
260;11.1398;141.9407;-0.0706
261;12.7272;141.9704;-0.0755
262;14.3182;141.9989;-0.0906
263;15.9020;142.0249;-0.1076
264;17.4633;142.0549;-0.1148
265;18.9758;142.0776;-0.1198
266;20.3135;142.0958;-0.1242
267;1.1463;140.3867;-0.0099
268;2.5179;140.4250;-0.0173
269;4.0446;140.4551;-0.0264
270;5.6088;140.4869;-0.0306
271;7.1856;140.5163;-0.0415
272;8.7686;140.5472;-0.0434
273;10.3561;140.5748;-0.0609
274;11.9427;140.6062;-0.0666
275;13.5338;140.6364;-0.0794
276;15.1219;140.6671;-0.0935
277;16.7002;140.6991;-0.0988
278;18.2735;140.7292;-0.1027
279;19.8842;140.6871;-0.1212
280;1.6035;139.0008;-0.0069
281;3.2349;139.0863;-0.0214
282;4.8215;139.1181;-0.0224
283;6.4042;139.1489;-0.0388
284;7.9879;139.1807;-0.0461
285;9.5730;139.2105;-0.0549
286;11.1604;139.2411;-0.0603
287;12.7491;139.2734;-0.0741
288;14.3365;139.3027;-0.0843
289;15.9135;139.3337;-0.0999
290;17.4550;139.3694;-0.1005
291;18.9297;139.3950;-0.1163
292;20.2718;139.2491;-0.1271
293;1.2068;137.5548;-0.0010
294;2.5725;137.7054;-0.0090
295;4.0792;137.7518;-0.0201
296;5.6334;137.7823;-0.0291
297;7.2093;137.8135;-0.0417
298;8.7911;137.8454;-0.0497
299;10.3771;137.8764;-0.0589
300;11.9658;137.9070;-0.0660
301;13.5548;137.9384;-0.0811
302;15.1375;137.9686;-0.0904
303;16.7008;137.9979;-0.0931
304;18.2296;138.0285;-0.1080
305;19.7329;138.0616;-0.1184
306;1.7141;136.2972;-0.0037
307;3.2893;136.3769;-0.0109
308;4.8547;136.4163;-0.0246
309;6.4276;136.4474;-0.0322
310;8.0075;136.4796;-0.0374
311;9.5937;136.5090;-0.0516
312;11.1816;136.5406;-0.0633
313;12.7703;136.5717;-0.0712
314;14.3577;136.6011;-0.0821
315;15.9295;136.6282;-0.0851
316;17.4671;136.6546;-0.0927
317;18.9366;136.6930;-0.1131
318;20.2732;136.9085;-0.1149
319;1.0616;134.9685;-0.0015
320;2.5549;135.0111;-0.0084
321;4.0901;135.0483;-0.0166
322;5.6504;135.0808;-0.0212
323;7.2266;135.1141;-0.0311
324;8.8110;135.1443;-0.0494
325;10.3972;135.1746;-0.0567
326;11.9868;135.2064;-0.0661
327;13.5741;135.2370;-0.0723
328;15.1590;135.2629;-0.0833
329;16.7342;135.2883;-0.0908
330;18.3024;135.3233;-0.1046
331;19.8998;135.4479;-0.1121
332;1.7166;133.6829;-0.0012
333;3.3027;133.6861;-0.0113
334;4.8710;133.7174;-0.0201
335;6.4456;133.7497;-0.0257
336;8.0288;133.7804;-0.0457
337;9.6126;133.8112;-0.0472
338;11.2026;133.8401;-0.0586
339;12.7905;133.8698;-0.0701
340;14.3774;133.8983;-0.0788
341;15.9564;133.9248;-0.0880
342;17.5118;133.9560;-0.0954
343;19.0115;134.0067;-0.0996
344;20.3300;134.0564;-0.1094
345;1.2058;132.4038;0.0063
346;2.5891;132.3227;-0.0074
347;4.1085;132.3496;-0.0170
348;5.6690;132.3825;-0.0251
349;7.2467;132.4157;-0.0354
350;8.8291;132.4459;-0.0465
351;10.4172;132.4761;-0.0529
352;12.0060;132.5057;-0.0624
353;13.5943;132.5340;-0.0674
354;15.1814;132.5646;-0.0804
355;16.7606;132.5937;-0.0906
356;18.3328;132.6309;-0.0880
357;19.9333;132.6549;-0.1030
358;1.6110;130.9880;0.0013
359;3.2697;130.9843;-0.0145
360;4.8715;131.0182;-0.0196
361;6.4602;131.0514;-0.0320
362;8.0467;131.0826;-0.0426
363;9.6331;131.1125;-0.0476
364;11.2201;131.1405;-0.0547
365;12.8109;131.1695;-0.0692
366;14.3977;131.1977;-0.0755
367;15.9742;131.2273;-0.0885
368;17.5189;131.2603;-0.0903
369;18.9944;131.2938;-0.1027
370;20.3169;131.2548;-0.1082
371;1.1638;129.5715;-0.0006
372;2.5549;129.6174;-0.0029
373;4.1031;129.6578;-0.0135
374;5.6800;129.6905;-0.0265
375;7.2641;129.7197;-0.0371
376;8.8483;129.7475;-0.0366
377;10.4353;129.7758;-0.0458
378;12.0262;129.8051;-0.0614
379;13.6154;129.8322;-0.0692
380;15.1995;129.8594;-0.0823
381;16.7669;129.8893;-0.0882
382;18.3072;129.9196;-0.0940
383;19.8359;129.9430;-0.0949
384;1.6327;128.1797;0.0037
385;3.2864;128.2909;-0.0085
386;4.8890;128.3281;-0.0146
387;6.4786;128.3575;-0.0311
388;8.0646;128.3849;-0.0360
389;9.6529;128.4119;-0.0488
390;11.2408;128.4404;-0.0532
391;12.8314;128.4691;-0.0679
392;14.4168;128.4963;-0.0732
393;15.9920;128.5214;-0.0803
394;17.5354;128.5503;-0.0857
395;19.0260;128.5919;-0.0926
396;20.4501;128.6647;-0.0927
397;1.2281;126.7141;0.0093
398;2.6140;126.9044;-0.0039
399;4.1384;126.9629;-0.0124
400;5.7053;126.9936;-0.0255
401;7.2837;127.0220;-0.0281
402;8.8677;127.0479;-0.0359
403;10.4555;127.0743;-0.0473
404;12.0457;127.1019;-0.0590
405;13.6347;127.1306;-0.0712
406;15.2167;127.1568;-0.0749
407;16.7819;127.1837;-0.0815
408;18.3176;127.2198;-0.0916
409;19.8383;127.3074;-0.0968
410;1.7453;125.4748;0.0015
411;3.3431;125.5828;-0.0075
412;4.9199;125.6278;-0.0126
413;6.5014;125.6577;-0.0245
414;8.0853;125.6854;-0.0323
415;9.6726;125.7130;-0.0448
416;11.2618;125.7376;-0.0571
417;12.8491;125.7659;-0.0604
418;14.4348;125.7911;-0.0645
419;16.0085;125.8164;-0.0738
420;17.5454;125.8410;-0.0828
421;19.0095;125.8891;-0.0937
422;20.3149;126.0432;-0.1020
423;1.0731;124.1211;0.0049
424;2.5982;124.2113;-0.0029
425;4.1507;124.2611;-0.0105
426;5.7227;124.2937;-0.0205
427;7.3038;124.3222;-0.0313
428;8.8877;124.3504;-0.0340
429;10.4739;124.3758;-0.0382
430;12.0644;124.4022;-0.0530
431;13.6537;124.4276;-0.0605
432;15.2393;124.4519;-0.0769
433;16.8106;124.4749;-0.0794
434;18.3714;124.5073;-0.0919
435;19.9469;124.5928;-0.0944
436;1.7496;122.8764;-0.0057
437;3.3569;122.8959;-0.0138
438;4.9377;122.9302;-0.0135
439;6.5204;122.9596;-0.0290
440;8.1051;122.9861;-0.0339
441;9.6909;123.0126;-0.0393
442;11.2809;123.0374;-0.0495
443;12.8697;123.0623;-0.0583
444;14.4585;123.0888;-0.0723
445;16.0308;123.1133;-0.0672
446;17.5805;123.1373;-0.0727
447;19.0695;123.1711;-0.0877
448;20.3826;123.1893;-0.0960
449;1.1881;121.6250;0.0031
450;2.6213;121.5303;-0.0151
451;4.1668;121.5635;-0.0140
452;5.7390;121.5962;-0.0170
453;7.3219;121.6224;-0.0268
454;8.9074;121.6492;-0.0340
455;10.4963;121.6746;-0.0434
456;12.0840;121.6995;-0.0461
457;13.6746;121.7256;-0.0607
458;15.2580;121.7499;-0.0663
459;16.8313;121.7746;-0.0665
460;18.3917;121.8028;-0.0816
461;19.9634;121.7941;-0.0841
462;1.6271;120.1959;-0.0079
463;3.3259;120.2076;-0.0124
464;4.9395;120.2341;-0.0088
465;6.5338;120.2615;-0.0210
466;8.1229;120.2871;-0.0305
467;9.7116;120.3123;-0.0392
468;11.3002;120.3369;-0.0496
469;12.8887;120.3623;-0.0513
470;14.4752;120.3853;-0.0596
471;16.0475;120.4102;-0.0679
472;17.5835;120.4366;-0.0792
473;19.0390;120.4501;-0.0820
474;20.3353;120.3724;-0.0821
475;1.2083;118.7652;-0.0088
476;2.6297;118.8673;-0.0080
477;4.1793;118.8795;-0.0117
478;5.7558;118.9012;-0.0176
479;7.3403;118.9261;-0.0285
480;8.9259;118.9492;-0.0292
481;10.5152;118.9751;-0.0395
482;12.1056;118.9986;-0.0526
483;13.6923;119.0227;-0.0518
484;15.2745;119.0459;-0.0634
485;16.8359;119.0684;-0.0748
486;18.3600;119.0878;-0.0679
487;19.8705;119.0767;-0.0838
488;1.7590;117.4921;0.0007
489;3.3766;117.5221;-0.0081
490;4.9697;117.5415;-0.0206
491;6.5567;117.5651;-0.0270
492;8.1441;117.5894;-0.0352
493;9.7311;117.6128;-0.0351
494;11.3213;117.6366;-0.0502
495;12.9100;117.6598;-0.0534
496;14.4945;117.6827;-0.0572
497;16.0643;117.7041;-0.0649
498;17.5990;117.7248;-0.0650
499;19.0721;117.7463;-0.0653
500;20.4800;117.7678;-0.0842
501;1.0879;116.2112;0.0014
502;2.6272;116.1754;-0.0029
503;4.1942;116.1826;-0.0122
504;5.7733;116.2034;-0.0140
505;7.3599;116.2272;-0.0266
506;8.9475;116.2507;-0.0336
507;10.5355;116.2736;-0.0394
508;12.1250;116.2963;-0.0486
509;13.7130;116.3190;-0.0523
510;15.2943;116.3400;-0.0622
511;16.8521;116.3617;-0.0613
512;18.3768;116.3853;-0.0737
513;19.8808;116.4422;-0.0792
514;1.7754;114.8844;-0.0035
515;3.3955;114.8330;-0.0083
516;4.9878;114.8452;-0.0150
517;6.5752;114.8674;-0.0185
518;8.1622;114.8892;-0.0249
519;9.7519;114.9112;-0.0388
520;11.3400;114.9339;-0.0410
521;12.9278;114.9556;-0.0449
522;14.5146;114.9792;-0.0566
523;16.0846;114.9983;-0.0606
524;17.6143;115.0160;-0.0597
525;19.0657;115.0460;-0.0671
526;20.3548;115.1562;-0.0764
527;1.2503;113.6412;0.0061
528;2.6679;113.4916;-0.0060
529;4.2146;113.4829;-0.0103
530;5.7937;113.5048;-0.0188
531;7.3786;113.5287;-0.0220
532;8.9651;113.5504;-0.0232
533;10.5558;113.5723;-0.0365
534;12.1439;113.5949;-0.0400
535;13.7332;113.6174;-0.0494
536;15.3176;113.6374;-0.0631
537;16.8851;113.6560;-0.0636
538;18.4356;113.6770;-0.0685
539;19.9927;113.7354;-0.0738
540;1.6705;112.1904;0.0072
541;3.3645;112.1319;-0.0066
542;4.9888;112.1446;-0.0115
543;6.5886;112.1673;-0.0187
544;8.1785;112.1892;-0.0165
545;9.7695;112.2093;-0.0315
546;11.3623;112.2334;-0.0504
547;12.9492;112.2551;-0.0487
548;14.5348;112.2765;-0.0531
549;16.1073;112.2954;-0.0575
550;17.6466;112.3150;-0.0645
551;19.1142;112.3334;-0.0706
552;20.4046;112.3608;-0.0739
553;1.2012;110.7826;0.0019
554;2.6278;110.7818;-0.0095
555;4.2062;110.7923;-0.0039
556;5.8030;110.8090;-0.0179
557;7.3959;110.8307;-0.0264
558;8.9861;110.8511;-0.0327
559;10.5774;110.8722;-0.0480
560;12.1660;110.8943;-0.0510
561;13.7524;110.9134;-0.0458
562;15.3350;110.9345;-0.0528
563;16.9014;110.9551;-0.0614
564;18.4449;110.9723;-0.0686
565;19.9949;110.9446;-0.0739
566;1.6581;109.3742;0.0008
567;3.3704;109.4430;-0.0017
568;5.0041;109.4556;-0.0128
569;6.6065;109.4718;-0.0204
570;8.2012;109.4903;-0.0313
571;9.7904;109.5114;-0.0312
572;11.3802;109.5313;-0.0432
573;12.9695;109.5525;-0.0473
574;14.5534;109.5716;-0.0466
575;16.1218;109.5925;-0.0588
576;17.6463;109.6102;-0.0582
577;19.0876;109.6108;-0.0682
578;20.3612;109.5040;-0.0746
579;1.2133;107.8839;-0.0006
580;2.6868;108.0950;-0.0059
581;4.2481;108.1076;-0.0086
582;5.8315;108.1170;-0.0189
583;7.4188;108.1335;-0.0245
584;9.0069;108.1519;-0.0304
585;10.5943;108.1712;-0.0270
586;12.1855;108.1901;-0.0396
587;13.7727;108.2107;-0.0476
588;15.3521;108.2291;-0.0554
589;16.9073;108.2460;-0.0557
590;18.4234;108.2550;-0.0668
591;19.9135;108.2165;-0.0777
592;1.8644;106.7448;0.0017
593;3.4753;106.7603;-0.0102
594;5.0583;106.7645;-0.0220
595;6.6418;106.7763;-0.0322
596;8.2256;106.7935;-0.0293
597;9.8130;106.8117;-0.0362
598;11.4018;106.8304;-0.0406
599;12.9902;106.8487;-0.0445
600;14.5738;106.8687;-0.0500
601;16.1420;106.8849;-0.0552
602;17.6704;106.8985;-0.0647
603;19.1298;106.9056;-0.0669
604;20.5144;106.8697;-0.0751
605;1.3108;105.5728;-0.0154
606;2.7954;105.4363;-0.0070
607;4.3186;105.4161;-0.0133
608;5.8749;105.4211;-0.0192
609;7.4488;105.4354;-0.0260
610;9.0321;105.4514;-0.0353
611;10.6182;105.4708;-0.0401
612;12.2057;105.4894;-0.0387
613;13.7929;105.5076;-0.0455
614;15.3726;105.5244;-0.0546
615;16.9276;105.5378;-0.0588
616;18.4417;105.5539;-0.0658
617;19.9290;105.5804;-0.0695
618;1.0372;104.1824;-0.0068
619;2.2194;104.1099;-0.0058
620;3.6245;104.0599;-0.0156
621;5.1285;104.0617;-0.0169
622;6.6790;104.0756;-0.0202
623;8.2531;104.0916;-0.0267
624;9.8357;104.1095;-0.0315
625;11.4241;104.1273;-0.0445
626;13.0105;104.1462;-0.0415
627;14.5936;104.1630;-0.0437
628;16.1619;104.1773;-0.0520
629;17.6878;104.1889;-0.0583
630;19.1282;104.2062;-0.0647
631;20.4032;104.2754;-0.0669
632;1.3916;102.7565;-0.0003
633;2.8641;102.7063;-0.0095
634;4.3719;102.7006;-0.0218
635;5.9108;102.7146;-0.0163
636;7.4757;102.7322;-0.0197
637;9.0549;102.7509;-0.0292
638;10.6391;102.7681;-0.0294
639;12.2271;102.7864;-0.0354
640;13.8133;102.8044;-0.0386
641;15.3949;102.8184;-0.0460
642;16.9609;102.8330;-0.0592
643;18.5017;102.8452;-0.0650
644;20.0450;102.8838;-0.0663
645;1.0019;101.3507;-0.0040
646;2.2290;101.3460;-0.0102
647;3.6466;101.3421;-0.0138
648;5.1534;101.3547;-0.0154
649;6.7034;101.3732;-0.0157
650;8.2759;101.3912;-0.0220
651;9.8579;101.4089;-0.0344
652;11.4434;101.4264;-0.0322
653;13.0315;101.4435;-0.0411
654;14.6152;101.4600;-0.0423
655;16.1840;101.4755;-0.0479
656;17.7149;101.4919;-0.0565
657;19.1667;101.4969;-0.0567
658;20.4280;101.4959;-0.0666
659;1.3791;99.9719;-0.0020
660;2.8747;99.9800;-0.0123
661;4.3900;99.9966;-0.0178
662;5.9344;100.0136;-0.0268
663;7.4972;100.0314;-0.0203
664;9.0760;100.0497;-0.0254
665;10.6602;100.0659;-0.0326
666;12.2471;100.0841;-0.0349
667;13.8350;100.1001;-0.0409
668;15.4131;100.1165;-0.0436
669;16.9714;100.1329;-0.0511
670;18.4981;100.1499;-0.0562
671;20.0297;100.0941;-0.0672
672;1.0253;98.5716;-0.0078
673;2.2483;98.6054;-0.0079
674;3.6712;98.6384;-0.0105
675;5.1776;98.6562;-0.0166
676;6.7274;98.6737;-0.0263
677;8.2974;98.6900;-0.0253
678;9.8787;98.7082;-0.0274
679;11.4645;98.7247;-0.0350
680;13.0505;98.7412;-0.0323
681;14.6353;98.7559;-0.0483
682;16.1971;98.7713;-0.0524
683;17.7069;98.7906;-0.0532
684;19.1204;98.8034;-0.0538
685;20.3882;98.6466;-0.0608
686;1.4207;97.1825;-0.0115
687;2.9187;97.2781;-0.0116
688;4.4229;97.2981;-0.0144
689;5.9595;97.3145;-0.0208
690;7.5218;97.3324;-0.0270
691;9.0981;97.3488;-0.0289
692;10.6828;97.3650;-0.0374
693;12.2681;97.3811;-0.0341
694;13.8543;97.3964;-0.0407
695;15.4297;97.4100;-0.0457
696;16.9734;97.4237;-0.0521
697;18.4583;97.4407;-0.0552
698;19.8915;97.4554;-0.0542
699;1.0712;95.7310;-0.0018
700;2.3222;95.9223;-0.0105
701;3.7212;95.9408;-0.0186
702;5.2119;95.9567;-0.0232
703;6.7531;95.9754;-0.0238
704;8.3195;95.9911;-0.0243
705;9.9000;96.0070;-0.0304
706;11.4864;96.0222;-0.0396
707;13.0710;96.0367;-0.0308
708;14.6555;96.0512;-0.0464
709;16.2161;96.0617;-0.0492
710;17.7239;96.0711;-0.0512
711;19.1332;96.0944;-0.0533
712;20.3933;96.2666;-0.0550
713;1.5768;94.5815;-0.0061
714;2.9914;94.5763;-0.0104
715;4.4614;94.5932;-0.0106
716;5.9876;94.6139;-0.0225
717;7.5443;94.6323;-0.0235
718;9.1182;94.6486;-0.0219
719;10.7019;94.6648;-0.0255
720;12.2890;94.6785;-0.0304
721;13.8762;94.6932;-0.0391
722;15.4539;94.7038;-0.0431
723;17.0102;94.7118;-0.0472
724;18.5339;94.7308;-0.0505
725;20.0521;94.8264;-0.0522
726;1.0362;93.4566;-0.0049
727;2.3087;93.2258;-0.0092
728;3.7278;93.2303;-0.0123
729;5.2277;93.2524;-0.0199
730;6.7722;93.2722;-0.0223
731;8.3397;93.2898;-0.0223
732;9.9207;93.3054;-0.0287
733;11.5058;93.3197;-0.0275
734;13.0946;93.3344;-0.0413
735;14.6772;93.3483;-0.0392
736;16.2439;93.3575;-0.0439
737;17.7701;93.3708;-0.0478
738;19.2127;93.4025;-0.0506
739;20.4624;93.4573;-0.0561
740;1.4036;91.9560;-0.0007
741;2.9301;91.8832;-0.0025
742;4.4534;91.8941;-0.0126
743;5.9967;91.9132;-0.0136
744;7.5611;91.9309;-0.0173
745;9.1388;91.9465;-0.0245
746;10.7224;91.9615;-0.0239
747;12.3111;91.9755;-0.0326
748;13.8974;91.9891;-0.0364
749;15.4764;92.0010;-0.0402
750;17.0374;92.0136;-0.0465
751;18.5674;92.0332;-0.0463
752;20.0876;92.0460;-0.0500
753;1.0187;90.5778;0.0049
754;2.2702;90.5459;0.0011
755;3.7140;90.5442;0.0076
756;5.2339;90.5549;-0.0097
757;6.7874;90.5724;-0.0170
758;8.3587;90.5880;-0.0199
759;9.9403;90.6031;-0.0269
760;11.5261;90.6181;-0.0289
761;13.1143;90.6309;-0.0306
762;14.6977;90.6428;-0.0367
763;16.2608;90.6555;-0.0349
764;17.7780;90.6712;-0.0426
765;19.1984;90.6869;-0.0482
766;20.4401;90.6408;-0.0497
767;1.4182;89.1624;-0.0056
768;2.9395;89.1918;-0.0070
769;4.4663;89.2028;-0.0106
770;6.0147;89.2175;-0.0163
771;7.5814;89.2309;-0.0193
772;9.1587;89.2452;-0.0209
773;10.7438;89.2591;-0.0289
774;12.3305;89.2726;-0.0275
775;13.9170;89.2840;-0.0336
776;15.4939;89.2964;-0.0396
777;17.0423;89.3082;-0.0429
778;18.5380;89.3223;-0.0405
779;19.9974;89.3223;-0.0472
780;1.0696;87.7439;-0.0039
781;2.3221;87.8298;-0.0057
782;3.7488;87.8502;-0.0091
783;5.2584;87.8597;-0.0136
784;6.8088;87.8753;-0.0158
785;8.3801;87.8882;-0.0212
786;9.9631;87.9015;-0.0307
787;11.5475;87.9139;-0.0243
788;13.1363;87.9270;-0.0403
789;14.7174;87.9387;-0.0367
790;16.2801;87.9491;-0.0408
791;17.7938;87.9604;-0.0416
792;19.2242;87.9862;-0.0410
793;20.5691;88.0192;-0.0475
794;1.5258;86.4481;-0.0032
795;3.0005;86.4884;-0.0111
796;4.5008;86.5033;-0.0093
797;6.0385;86.5179;-0.0108
798;7.6038;86.5322;-0.0199
799;9.1817;86.5449;-0.0273
800;10.7654;86.5577;-0.0299
801;12.3519;86.5686;-0.0307
802;13.9382;86.5800;-0.0366
803;15.5136;86.5910;-0.0375
804;17.0605;86.5992;-0.0454
805;18.5507;86.6182;-0.0426
806;19.9977;86.6875;-0.0439
807;0.9482;85.1269;-0.0030
808;2.3159;85.1358;-0.0054
809;3.7664;85.1472;-0.0088
810;5.2777;85.1608;-0.0022
811;6.8297;85.1754;-0.0149
812;8.4026;85.1894;-0.0267
813;9.9833;85.2000;-0.0279
814;11.5676;85.2124;-0.0255
815;13.1565;85.2241;-0.0354
816;14.7378;85.2327;-0.0321
817;16.3018;85.2418;-0.0381
818;17.8137;85.2481;-0.0388
819;19.2267;85.2807;-0.0436
820;20.4528;85.3953;-0.0454
821;1.5350;83.8149;-0.0043
822;3.0141;83.7956;-0.0061
823;4.5201;83.8037;-0.0094
824;6.0604;83.8175;-0.0184
825;7.6257;83.8315;-0.0268
826;9.2040;83.8446;-0.0330
827;10.7879;83.8550;-0.0357
828;12.3729;83.8674;-0.0300
829;13.9594;83.8769;-0.0319
830;15.5374;83.8855;-0.0337
831;17.0946;83.8900;-0.0388
832;18.6149;83.9065;-0.0363
833;20.1165;83.9632;-0.0426
834;1.0798;82.5179;-0.0047
835;2.3487;82.4415;-0.0072
836;3.7865;82.4448;-0.0192
837;5.3000;82.4599;-0.0265
838;6.8512;82.4721;-0.0216
839;8.4230;82.4864;-0.0236
840;10.0037;82.4979;-0.0223
841;11.5910;82.5103;-0.0327
842;13.1775;82.5186;-0.0287
843;14.7602;82.5290;-0.0291
844;16.3252;82.5360;-0.0310
845;17.8456;82.5460;-0.0308
846;19.2712;82.5612;-0.0326
847;20.5051;82.5877;-0.0416
848;1.4467;81.1121;-0.0114
849;2.9881;81.0918;-0.0114
850;4.5226;81.1031;-0.0155
851;6.0758;81.1182;-0.0223
852;7.6438;81.1317;-0.0228
853;9.2215;81.1421;-0.0194
854;10.8067;81.1519;-0.0217
855;12.3943;81.1626;-0.0246
856;13.9797;81.1729;-0.0263
857;15.5592;81.1811;-0.0342
858;17.1136;81.1888;-0.0376
859;18.6301;81.1987;-0.0412
860;20.1234;81.1775;-0.0364
861;1.0485;79.7389;-0.0082
862;2.3273;79.7363;-0.0071
863;3.7862;79.7510;-0.0086
864;5.3117;79.7635;-0.0168
865;6.8706;79.7742;-0.0260
866;8.4424;79.7863;-0.0206
867;10.0235;79.7959;-0.0147
868;11.6108;79.8066;-0.0225
869;13.1982;79.8165;-0.0263
870;14.7798;79.8247;-0.0280
871;16.3417;79.8330;-0.0332
872;17.8490;79.8410;-0.0394
873;19.2483;79.8360;-0.0289
874;20.4680;79.7515;-0.0390
875;1.4669;78.3358;-0.0096
876;3.0087;78.3944;-0.0131
877;4.5433;78.4092;-0.0142
878;6.0960;78.4199;-0.0173
879;7.6641;78.4307;-0.0174
880;9.2427;78.4407;-0.0183
881;10.8277;78.4503;-0.0226
882;12.4153;78.4590;-0.0283
883;14.0013;78.4679;-0.0302
884;15.5749;78.4760;-0.0278
885;17.1174;78.4810;-0.0360
886;18.5996;78.4833;-0.0321
887;20.0376;78.4500;-0.0345
888;1.1072;76.8965;-0.0074
889;2.3815;77.0252;-0.0153
890;3.8222;77.0538;-0.0150
891;5.3390;77.0662;-0.0186
892;6.8924;77.0759;-0.0180
893;8.4638;77.0859;-0.0192
894;10.0460;77.0958;-0.0183
895;11.6317;77.1022;-0.0226
896;13.2194;77.1125;-0.0241
897;14.8003;77.1185;-0.0228
898;16.3601;77.1240;-0.0333
899;17.8655;77.1257;-0.0348
900;19.2803;77.1346;-0.0293
901;20.6056;77.1134;-0.0353
902;1.5678;75.6212;-0.0152
903;3.0629;75.6864;-0.0208
904;4.5771;75.7062;-0.0212
905;6.1199;75.7196;-0.0136
906;7.6867;75.7306;-0.0211
907;9.2645;75.7392;-0.0156
908;10.8484;75.7488;-0.0148
909;12.4364;75.7552;-0.0225
910;14.0215;75.7628;-0.0232
911;15.5967;75.7661;-0.0298
912;17.1381;75.7662;-0.0270
913;18.6145;75.7757;-0.0246
914;20.0435;75.8221;-0.0297
915;0.9700;74.2703;-0.0115
916;2.3649;74.3277;-0.0144
917;3.8349;74.3492;-0.0198
918;5.3578;74.3657;-0.0218
919;6.9128;74.3761;-0.0196
920;8.4847;74.3850;-0.0173
921;10.0674;74.3930;-0.0154
922;11.6540;74.4016;-0.0202
923;13.2398;74.4077;-0.0232
924;14.8232;74.4113;-0.0223
925;16.3879;74.4084;-0.0224
926;17.8982;74.3922;-0.0216
927;19.2897;74.4299;-0.0236
928;20.5377;74.5607;-0.0278
929;1.5681;72.9920;-0.0093
930;3.0730;72.9950;-0.0149
931;4.5919;73.0083;-0.0159
932;6.1407;73.0207;-0.0185
933;7.7063;73.0295;-0.0120
934;9.2862;73.0354;-0.0202
935;10.8699;73.0447;-0.0169
936;12.4573;73.0521;-0.0180
937;14.0458;73.0559;-0.0217
938;15.6317;73.0553;-0.0226
939;17.2109;73.0396;-0.0296
940;18.7668;73.0092;-0.0261
941;20.2339;73.1585;-0.0314
942;1.0978;71.6852;-0.0096
943;2.3968;71.6369;-0.0115
944;3.8520;71.6486;-0.0152
945;5.3754;71.6629;-0.0193
946;6.9331;71.6742;-0.0217
947;8.5045;71.6812;-0.0140
948;10.0873;71.6887;-0.0150
949;11.6739;71.6958;-0.0145
950;13.2646;71.7034;-0.0212
951;14.8582;71.7070;-0.0260
952;16.4620;71.7058;-0.0267
953;18.0996;71.6985;-0.0211
954;19.8477;71.6924;-0.0300
955;1.4809;70.2957;-0.0094
956;3.0475;70.2933;-0.0153
957;4.5970;70.3080;-0.0207
958;6.1546;70.3194;-0.0146
959;7.7240;70.3269;-0.0129
960;9.3054;70.3353;-0.0152
961;10.8907;70.3425;-0.0131
962;12.4797;70.3483;-0.0199
963;14.0710;70.3547;-0.0259
964;15.6639;70.3590;-0.0224
965;17.2552;70.3643;-0.0182
966;18.8336;70.3671;-0.0197
967;20.2909;70.2459;-0.0329
968;1.0905;68.9125;-0.0040
969;2.3814;68.9332;-0.0056
970;3.8565;68.9555;-0.0126
971;5.3896;68.9662;-0.0165
972;6.9503;68.9753;-0.0118
973;8.5261;68.9822;-0.0183
974;10.1098;68.9883;-0.0221
975;11.6954;68.9935;-0.0118
976;13.2864;68.9987;-0.0220
977;14.8799;69.0043;-0.0253
978;16.4785;69.0119;-0.0239
979;18.0894;69.0132;-0.0201
980;19.7357;68.9791;-0.0236
981;1.5099;67.5167;-0.0164
982;3.0749;67.6041;-0.0139
983;4.6206;67.6165;-0.0203
984;6.1779;67.6231;-0.0198
985;7.7479;67.6288;-0.0151
986;9.3279;67.6344;-0.0162
987;10.9105;67.6402;-0.0106
988;12.5011;67.6445;-0.0156
989;14.0931;67.6484;-0.0232
990;15.6845;67.6564;-0.0173
991;17.2786;67.6615;-0.0182
992;18.8664;67.6649;-0.0231
993;20.4358;67.6779;-0.0213
994;1.1405;66.0648;-0.0170
995;2.4505;66.2468;-0.0128
996;3.8994;66.2635;-0.0143
997;5.4192;66.2693;-0.0140
998;6.9755;66.2765;-0.0207
999;8.5479;66.2808;-0.0119
1000;10.1306;66.2833;-0.0178
1001;11.7175;66.2895;-0.0170
1002;13.3083;66.2940;-0.0223
1003;14.9008;66.2993;-0.0217
1004;16.4996;66.3066;-0.0263
1005;18.1045;66.3136;-0.0195
1006;19.7457;66.3644;-0.0227
1007;1.6688;64.8932;-0.0142
1008;3.1520;64.9034;-0.0128
1009;4.6607;64.9133;-0.0150
1010;6.2039;64.9203;-0.0149
1011;7.7715;64.9271;-0.0192
1012;9.3495;64.9311;-0.0169
1013;10.9334;64.9340;-0.0121
1014;12.5243;64.9415;-0.0239
1015;14.1137;64.9448;-0.0162
1016;15.7064;64.9484;-0.0172
1017;17.2969;64.9497;-0.0285
1018;18.8587;64.9663;-0.0188
1019;20.2950;65.1028;-0.0192
1020;1.1453;63.7146;-0.0193
1021;2.4664;63.5491;-0.0125
1022;3.9197;63.5528;-0.0159
1023;5.4395;63.5644;-0.0102
1024;6.9966;63.5706;-0.0141
1025;8.5697;63.5769;-0.0145
1026;10.1523;63.5825;-0.0130
1027;11.7392;63.5859;-0.0193
1028;13.3297;63.5895;-0.0221
1029;14.9249;63.5931;-0.0184
1030;16.5311;63.5962;-0.0148
1031;18.1680;63.6005;-0.0137
1032;19.8827;63.6476;-0.0157
1033;1.5184;62.2746;-0.0063
1034;3.1046;62.2050;-0.0166
1035;4.6582;62.2085;-0.0198
1036;6.2164;62.2182;-0.0110
1037;7.7899;62.2236;-0.0163
1038;9.3697;62.2298;-0.0126
1039;10.9553;62.2328;-0.0158
1040;12.5442;62.2350;-0.0164
1041;14.1348;62.2397;-0.0127
1042;15.7313;62.2434;-0.0160
1043;17.3326;62.2458;-0.0150
1044;18.9213;62.2440;-0.0163
1045;20.3550;62.2310;-0.0125
1046;1.0978;60.8740;-0.0137
1047;2.4120;60.8698;-0.0151
1048;3.9051;60.8604;-0.0167
1049;5.4472;60.8660;-0.0120
1050;7.0124;60.8704;-0.0163
1051;8.5893;60.8741;-0.0131
1052;10.1723;60.8792;-0.0126
1053;11.7602;60.8829;-0.0181
1054;13.3497;60.8867;-0.0140
1055;14.9433;60.8895;-0.0090
1056;16.5492;60.8951;-0.0077
1057;18.1825;60.8914;-0.0119
1058;19.8803;60.8197;-0.0075
1059;1.5175;59.4893;-0.0190
1060;3.1042;59.5172;-0.0142
1061;4.6680;59.5163;-0.0155
1062;6.2339;59.5203;-0.0116
1063;7.8098;59.5234;-0.0150
1064;9.3913;59.5271;-0.0113
1065;10.9770;59.5297;-0.0127
1066;12.5655;59.5308;-0.0145
1067;14.1549;59.5347;-0.0109
1068;15.7452;59.5396;-0.0066
1069;17.3296;59.5415;-0.0046
1070;18.8818;59.5158;-0.0075
1071;20.3020;59.3560;-0.0078
1072;1.1382;58.0782;-0.0133
1073;2.4589;58.1609;-0.0059
1074;3.9321;58.1685;-0.0061
1075;5.4705;58.1698;-0.0156
1076;7.0336;58.1722;-0.0120
1077;8.6111;58.1741;-0.0152
1078;10.1937;58.1759;-0.0103
1079;11.7815;58.1784;-0.0108
1080;13.3699;58.1805;-0.0078
1081;14.9616;58.1834;-0.0078
1082;16.5555;58.1851;-0.0115
1083;18.1512;58.1716;-0.0108
1084;19.7763;58.1028;-0.0104
1085;1.6276;56.7879;-0.0141
1086;3.1613;56.8112;-0.0084
1087;4.6999;56.8162;-0.0075
1088;6.2575;56.8204;-0.0018
1089;7.8308;56.8229;-0.0131
1090;9.4130;56.8238;-0.0106
1091;10.9978;56.8265;-0.0095
1092;12.5843;56.8277;-0.0021
1093;14.1756;56.8292;-0.0084
1094;15.7642;56.8293;0.0005
1095;17.3497;56.8272;-0.0067
1096;18.9217;56.8107;-0.0081
1097;20.4703;56.7686;-0.0083
1098;1.0098;55.4905;-0.0137
1099;2.4488;55.4661;-0.0099
1100;3.9500;55.4648;-0.0126
1101;5.4903;55.4673;-0.0127
1102;7.0546;55.4682;-0.0104
1103;8.6345;55.4699;-0.0257
1104;10.2151;55.4753;-0.0078
1105;11.8017;55.4742;-0.0072
1106;13.3911;55.4765;-0.0036
1107;14.9836;55.4769;-0.0155
1108;16.5737;55.4756;-0.0032
1109;18.1692;55.4716;0.0001
1110;19.7942;55.4840;-0.0019
1111;1.6390;54.1630;-0.0145
1112;3.1799;54.1175;-0.0148
1113;4.7206;54.1170;-0.0142
1114;6.2805;54.1197;-0.0145
1115;7.8528;54.1185;-0.0140
1116;9.4342;54.1210;-0.0106
1117;11.0187;54.1246;-0.0061
1118;12.6081;54.1223;-0.0115
1119;14.1967;54.1226;-0.0093
1120;15.7849;54.1217;-0.0033
1121;17.3652;54.1190;0.0010
1122;18.9204;54.1092;-0.0041
1123;20.3477;54.2019;0.0006
1124;1.1586;52.8944;-0.0178
1125;2.4907;52.7740;-0.0141
1126;3.9717;52.7612;-0.0131
1127;5.5117;52.7648;-0.0187
1128;7.0757;52.7682;-0.0103
1129;8.6530;52.7694;-0.0079
1130;10.2353;52.7707;-0.0038
1131;11.8232;52.7720;-0.0051
1132;13.4134;52.7710;-0.0072
1133;15.0066;52.7697;-0.0047
1134;16.6053;52.7695;0.0003
1135;18.2265;52.7694;-0.0003
1136;19.9318;52.7722;-0.0006
1137;1.5473;51.4670;-0.0164
1138;3.1519;51.4154;-0.0111
1139;4.7238;51.4128;-0.0110
1140;6.2936;51.4169;-0.0087
1141;7.8716;51.4189;-0.0078
1142;9.4535;51.4191;-0.0017
1143;11.0407;51.4188;-0.0060
1144;12.6282;51.4194;-0.0055
1145;14.2178;51.4188;-0.0028
1146;15.8079;51.4173;0.0001
1147;17.3901;51.4180;0.0014
1148;18.9430;51.4327;0.0043
1149;20.3780;51.3297;-0.0006
1150;1.1122;50.0893;-0.0135
1151;2.4572;50.0671;-0.0165
1152;3.9689;50.0651;-0.0142
1153;5.5241;50.0683;-0.0173
1154;7.0938;50.0666;-0.0117
1155;8.6732;50.0676;-0.0069
1156;10.2550;50.0695;0.0084
1157;11.8448;50.0653;-0.0028
1158;13.4355;50.0639;-0.0137
1159;15.0253;50.0631;-0.0007
1160;16.6172;50.0628;0.0023
1161;18.2124;50.0629;0.0019
1162;19.8211;50.0633;0.0080
1163;1.5577;48.6712;-0.0209
1164;3.1659;48.7170;-0.0117
1165;4.7403;48.7219;-0.0070
1166;6.3160;48.7185;-0.0163
1167;7.8928;48.7164;-0.0075
1168;9.4752;48.7179;-0.0045
1169;11.0612;48.7145;-0.0033
1170;12.6513;48.7123;-0.0103
1171;14.2406;48.7123;-0.0021
1172;15.8296;48.7094;0.0033
1173;17.4168;48.7065;0.0020
1174;18.9856;48.7010;0.0065
1175;20.4893;48.7987;0.0102
1176;1.1763;47.2296;-0.0237
1177;2.5163;47.3516;-0.0193
1178;4.0040;47.3688;-0.0091
1179;5.5492;47.3698;-0.0114
1180;7.1162;47.3666;-0.0100
1181;8.6956;47.3657;-0.0071
1182;10.2777;47.3647;-0.0001
1183;11.8663;47.3599;-0.0026
1184;13.4565;47.3593;0.0002
1185;15.0461;47.3594;0.0083
1186;16.6415;47.3563;0.0047
1187;18.2481;47.3541;0.0044
1188;19.8938;47.3475;0.0029
1189;1.6709;45.9581;-0.0195
1190;3.2240;46.0075;-0.0085
1191;4.7738;46.0183;-0.0041
1192;6.3392;46.0180;-0.0076
1193;7.9151;46.0158;-0.0059
1194;9.4974;46.0143;-0.0040
1195;11.0829;46.0112;-0.0007
1196;12.6716;46.0069;-0.0028
1197;14.2610;46.0056;-0.0002
1198;15.8517;46.0040;0.0003
1199;17.4352;46.0054;0.0057
1200;19.0036;46.0024;0.0085
1201;20.4987;45.8867;0.0133
1202;1.0335;44.6330;-0.0203
1203;2.5010;44.6558;-0.0162
1204;4.0179;44.6648;-0.0125
1205;5.5682;44.6661;-0.0126
1206;7.1380;44.6662;-0.0131
1207;8.7172;44.6649;-0.0089
1208;10.3019;44.6624;-0.0088
1209;11.8882;44.6581;0.0006
1210;13.4776;44.6547;0.0012
1211;15.0677;44.6518;0.0018
1212;16.6580;44.6498;0.0026
1213;18.2472;44.6455;0.0016
1214;19.8452;44.6310;0.0138
1215;1.6767;43.3398;-0.0262
1216;3.2397;43.3162;-0.0216
1217;4.7930;43.3167;-0.0102
1218;6.3600;43.3142;-0.0080
1219;7.9366;43.3142;-0.0067
1220;9.5171;43.3118;0.0029
1221;11.1034;43.3084;0.0003
1222;12.6932;43.3057;-0.0033
1223;14.2817;43.3014;0.0023
1224;15.8685;43.2956;0.0058
1225;17.4437;43.2898;0.0048
1226;18.9842;43.2699;0.0090
1227;20.4049;43.3565;0.0209
1228;1.1766;42.0595;-0.0200
1229;2.5356;41.9648;-0.0231
1230;4.0395;41.9638;-0.0193
1231;5.5882;41.9653;-0.0103
1232;7.1566;41.9654;-0.0032
1233;8.7378;41.9605;-0.0036
1234;10.3221;41.9580;-0.0015
1235;11.9094;41.9536;-0.0013
1236;13.4993;41.9496;-0.0014
1237;15.0886;41.9452;0.0050
1238;16.6830;41.9411;0.0059
1239;18.2897;41.9371;0.0137
1240;19.9726;41.9201;0.0121
1241;1.5671;40.6366;-0.0205
1242;3.2119;40.6202;-0.0151
1243;4.7975;40.6162;-0.0093
1244;6.3740;40.6159;-0.0001
1245;7.9559;40.6118;-0.0052
1246;9.5390;40.6086;-0.0011
1247;11.1257;40.6035;0.0007
1248;12.7146;40.5983;0.0014
1249;14.3015;40.5945;0.0097
1250;15.8884;40.5900;0.0020
1251;17.4575;40.5893;0.0106
1252;18.9882;40.5906;0.0168
1253;20.3784;40.4896;0.0203
1254;1.1451;39.2053;-0.0163
1255;2.5314;39.2929;-0.0180
1256;4.0466;39.2710;-0.0108
1257;5.6039;39.2669;-0.0126
1258;7.1774;39.2650;-0.0079
1259;8.7592;39.2609;-0.0058
1260;10.3430;39.2551;0.0000
1261;11.9305;39.2502;0.0023
1262;13.5182;39.2471;0.0107
1263;15.1068;39.2408;0.0088
1264;16.6922;39.2357;0.0077
1265;18.2694;39.2329;0.0178
1266;19.8649;39.2063;0.0180
1267;1.6895;37.9376;-0.0181
1268;3.2578;37.9245;-0.0144
1269;4.8241;37.9176;-0.0123
1270;6.3964;37.9144;-0.0053
1271;7.9773;37.9109;-0.0084
1272;9.5603;37.9032;0.0019
1273;11.1468;37.9008;0.0013
1274;12.7364;37.8944;0.0006
1275;14.3220;37.8904;0.0145
1276;15.9081;37.8850;0.0104
1277;17.4776;37.8816;0.0204
1278;19.0229;37.8851;0.0192
1279;20.5275;37.9121;0.0252
1280;1.0525;36.6910;-0.0128
1281;2.5164;36.5723;-0.0206
1282;4.0545;36.5691;-0.0143
1283;5.6199;36.5651;-0.0078
1284;7.1975;36.5616;-0.0119
1285;8.7787;36.5567;0.0000
1286;10.3632;36.5526;0.0102
1287;11.9524;36.5437;0.0011
1288;13.5406;36.5387;0.0062
1289;15.1269;36.5341;0.0138
1290;16.7103;36.5284;0.0102
1291;18.2857;36.5308;0.0128
1292;19.8701;36.5834;0.0288
1293;1.6408;35.2377;-0.0127
1294;3.2521;35.2227;-0.0100
1295;4.8356;35.2195;-0.0141
1296;6.4146;35.2139;-0.0066
1297;7.9972;35.2090;-0.0057
1298;9.5823;35.2026;0.0017
1299;11.1680;35.1976;0.0049
1300;12.7589;35.1901;-0.0031
1301;14.3443;35.1834;0.0120
1302;15.9257;35.1755;0.0166
1303;17.4897;35.1695;0.0220
1304;19.0080;35.1837;0.0256
1305;20.3845;35.3171;0.0233
1306;1.0601;33.7932;-0.0214
1307;2.5261;33.8834;-0.0157
1308;4.0706;33.8742;-0.0102
1309;5.6383;33.8687;-0.0071
1310;7.2168;33.8611;-0.0051
1311;8.7987;33.8552;0.0049
1312;10.3867;33.8479;0.0020
1313;11.9729;33.8413;0.0112
1314;13.5622;33.8350;0.0107
1315;15.1525;33.8273;0.0085
1316;16.7416;33.8181;0.0196
1317;18.3427;33.8148;0.0228
1318;19.9906;33.8687;0.0318
1319;1.7084;32.5289;-0.0171
1320;3.2879;32.5259;-0.0120
1321;4.8601;32.5206;-0.0095
1322;6.4367;32.5125;-0.0014
1323;8.0171;32.5074;0.0040
1324;9.6026;32.5004;0.0063
1325;11.1909;32.4913;-0.0004
1326;12.7772;32.4870;0.0135
1327;14.3659;32.4761;0.0166
1328;15.9523;32.4698;0.0170
1329;17.5291;32.4647;0.0221
1330;19.0755;32.4612;0.0216
1331;20.4644;32.4570;0.0339
1332;1.1671;31.2699;-0.0150
1333;2.5731;31.1605;-0.0137
1334;4.0983;31.1692;-0.0064
1335;5.6629;31.1648;-0.0090
1336;7.2396;31.1609;-0.0044
1337;8.8213;31.1539;0.0049
1338;10.4075;31.1451;0.0075
1339;11.9956;31.1373;0.0112
1340;13.5814;31.1298;0.0252
1341;15.1709;31.1208;0.0242
1342;16.7605;31.1170;0.0306
1343;18.3604;31.1095;0.0293
1344;20.0053;31.0516;0.0292
1345;1.6008;29.8309;-0.0131
1346;3.2716;29.8243;-0.0120
1347;4.8705;29.8193;-0.0109
1348;6.4549;29.8142;-0.0006
1349;8.0392;29.8064;0.0011
1350;9.6225;29.7972;0.0126
1351;11.2103;29.7902;0.0147
1352;12.7990;29.7812;0.0135
1353;14.3859;29.7737;0.0231
1354;15.9674;29.7660;0.0212
1355;17.5274;29.7609;0.0332
1356;19.0383;29.7380;0.0329
1357;20.4061;29.6026;0.0321
1358;1.2003;28.4136;-0.0131
1359;2.5914;28.4913;-0.0139
1360;4.1194;28.4772;-0.0153
1361;5.6829;28.4684;-0.0083
1362;7.2607;28.4600;-0.0002
1363;8.8417;28.4505;0.0093
1364;10.4286;28.4422;0.0037
1365;12.0148;28.4336;0.0178
1366;13.6040;28.4252;0.0165
1367;15.1904;28.4157;0.0216
1368;16.7673;28.4078;0.0261
1369;18.3321;28.3931;0.0314
1370;19.9080;28.3346;0.0261
1371;1.7302;27.1278;-0.0137
1372;3.3255;27.1309;-0.0157
1373;4.9004;27.1222;-0.0042
1374;6.4797;27.1131;-0.0055
1375;8.0616;27.1046;-0.0023
1376;9.6455;27.0946;0.0074
1377;11.2328;27.0868;0.0086
1378;12.8206;27.0772;0.0140
1379;14.4090;27.0656;0.0143
1380;15.9893;27.0557;0.0175
1381;17.5503;27.0446;0.0252
1382;19.0767;27.0319;0.0354
1383;20.5636;27.0024;0.0311
1384;1.0747;25.8519;-0.0284
1385;2.5869;25.7966;-0.0198
1386;4.1340;25.7776;-0.0103
1387;5.7024;25.7663;-0.0038
1388;7.2804;25.7590;0.0045
1389;8.8653;25.7475;-0.0059
1390;10.4501;25.7394;0.0092
1391;12.0364;25.7305;0.0184
1392;13.6250;25.7191;0.0199
1393;15.2103;25.7092;0.0257
1394;16.7873;25.6972;0.0279
1395;18.3521;25.6879;0.0234
1396;19.9197;25.7065;0.0396
1397;1.7449;24.5156;-0.0154
1398;3.3452;24.4393;-0.0179
1399;4.9215;24.4217;-0.0105
1400;6.5003;24.4129;-0.0043
1401;8.0810;24.4038;0.0068
1402;9.6671;24.3925;0.0071
1403;11.2546;24.3825;0.0122
1404;12.8417;24.3728;0.0178
1405;14.4277;24.3618;0.0261
1406;16.0069;24.3487;0.0304
1407;17.5660;24.3329;0.0259
1408;19.0702;24.3297;0.0285
1409;20.4295;24.4202;0.0380
1410;1.2321;23.2718;-0.0194
1411;2.6275;23.1083;-0.0168
1412;4.1556;23.0746;-0.0091
1413;5.7216;23.0667;0.0013
1414;7.3011;23.0561;0.0036
1415;8.8862;23.0466;0.0033
1416;10.4725;23.0369;0.0065
1417;12.0593;23.0257;0.0162
1418;13.6469;23.0161;0.0243
1419;15.2347;23.0018;0.0261
1420;16.8191;22.9885;0.0319
1421;18.4091;22.9759;0.0391
1422;20.0472;22.9961;0.0407
1423;1.6447;21.8196;-0.0158
1424;3.3153;21.7372;-0.0164
1425;4.9237;21.7219;-0.0070
1426;6.5137;21.7116;0.0020
1427;8.1009;21.7015;0.0079
1428;9.6885;21.6894;0.0073
1429;11.2758;21.6796;0.0143
1430;12.8647;21.6684;0.0117
1431;14.4510;21.6549;0.0252
1432;16.0311;21.6434;0.0353
1433;17.5988;21.6310;0.0358
1434;19.1217;21.6136;0.0418
1435;20.4734;21.5952;0.0399
1436;1.1797;20.4188;-0.0182
1437;2.5875;20.3976;-0.0146
1438;4.1504;20.3800;-0.0126
1439;5.7340;20.3672;-0.0068
1440;7.3194;20.3566;0.0018
1441;8.9063;20.3459;0.0030
1442;10.4920;20.3353;0.0133
1443;12.0807;20.3207;0.0144
1444;13.6693;20.3084;0.0204
1445;15.2548;20.2969;0.0349
1446;16.8371;20.2856;0.0374
1447;18.4213;20.2673;0.0463
1448;20.0425;20.1874;0.0450
1449;1.6469;19.0030;-0.0131
1450;3.3246;19.0385;-0.0114
1451;4.9388;19.0256;-0.0014
1452;6.5324;19.0128;0.0081
1453;8.1206;19.0009;0.0132
1454;9.7095;18.9885;0.0087
1455;11.2966;18.9787;0.0201
1456;12.8832;18.9666;0.0277
1457;14.4704;18.9517;0.0298
1458;16.0481;18.9398;0.0354
1459;17.6010;18.9248;0.0421
1460;19.0941;18.8872;0.0516
1461;20.4369;18.7219;0.0543
1462;1.2285;17.5598;-0.0127
1463;2.6472;17.6799;-0.0182
1464;4.1850;17.6835;-0.0060
1465;5.7597;17.6693;-0.0059
1466;7.3422;17.6564;0.0042
1467;8.9277;17.6442;0.0082
1468;10.5145;17.6307;0.0128
1469;12.1023;17.6190;0.0180
1470;13.6879;17.6057;0.0300
1471;15.2728;17.5911;0.0357
1472;16.8459;17.5774;0.0374
1473;18.3987;17.5515;0.0450
1474;19.9523;17.4642;0.0563
1475;1.7741;16.2948;-0.0170
1476;3.3880;16.3296;-0.0084
1477;4.9760;16.3225;-0.0084
1478;6.5597;16.3123;0.0010
1479;8.1457;16.2997;0.0055
1480;9.7322;16.2868;0.0081
1481;11.3198;16.2728;0.0141
1482;12.9062;16.2593;0.0257
1483;14.4902;16.2458;0.0395
1484;16.0693;16.2307;0.0326
1485;17.6226;16.2114;0.0418
1486;19.1333;16.1824;0.0520
1487;20.5998;16.1006;0.0491
1488;1.0952;14.9930;-0.0175
1489;2.6365;14.9848;-0.0089
1490;4.2033;14.9783;-0.0087
1491;5.7804;14.9678;-0.0004
1492;7.3650;14.9553;0.0024
1493;8.9509;14.9419;0.0040
1494;10.5346;14.9280;0.0209
1495;12.1247;14.9144;0.0183
1496;13.7111;14.9012;0.0272
1497;15.2922;14.8863;0.0428
1498;16.8645;14.8684;0.0421
1499;18.4167;14.8479;0.0484
1500;19.9655;14.8481;0.0506
1501;1.7818;13.6879;-0.0133
1502;3.4034;13.6378;-0.0077
1503;4.9959;13.6233;-0.0049
1504;6.5822;13.6105;-0.0035
1505;8.1668;13.5989;0.0069
1506;9.7513;13.5829;0.0233
1507;11.3408;13.5690;0.0183
1508;12.9281;13.5547;0.0238
1509;14.5134;13.5412;0.0339
1510;16.0888;13.5251;0.0441
1511;17.6401;13.5042;0.0520
1512;19.1417;13.4854;0.0571
1513;20.5099;13.6025;0.0559
1514;1.2386;12.4378;-0.0130
1515;2.6702;12.2975;-0.0107
1516;4.2226;12.2783;-0.0050
1517;5.8011;12.2666;-0.0005
1518;7.3847;12.2541;0.0075
1519;8.9682;12.2413;0.0227
1520;10.5546;12.2272;0.0302
1521;12.1457;12.2108;0.0209
1522;13.7323;12.1954;0.0318
1523;15.3183;12.1812;0.0347
1524;16.8978;12.1619;0.0388
1525;18.4744;12.1499;0.0566
1526;20.1042;12.1564;0.0656
1527;1.6665;10.9999;-0.0046
1528;3.3772;10.9468;-0.0121
1529;4.9984;10.9262;0.0030
1530;6.5971;10.9115;0.0031
1531;8.1857;10.8968;0.0109
1532;9.7739;10.8826;0.0163
1533;11.3631;10.8668;0.0174
1534;12.9485;10.8511;0.0338
1535;14.5349;10.8357;0.0355
1536;16.1107;10.8218;0.0448
1537;17.6592;10.8093;0.0533
1538;19.1498;10.8098;0.0563
1539;20.4843;10.7390;0.0663
1540;1.2214;9.5804;-0.0201
1541;2.6685;9.6309;-0.0135
1542;4.2314;9.5912;-0.0017
1543;5.8179;9.5702;-0.0047
1544;7.4034;9.5540;0.0115
1545;8.9897;9.5405;0.0187
1546;10.5779;9.5248;0.0206
1547;12.1662;9.5085;0.0268
1548;13.7513;9.4929;0.0441
1549;15.3341;9.4760;0.0490
1550;16.9056;9.4615;0.0508
1551;18.4556;9.4512;0.0530
1552;19.9988;9.4368;0.0619
1553;1.7900;8.2967;-0.0188
1554;3.4235;8.2569;-0.0080
1555;5.0268;8.2298;-0.0037
1556;6.6200;8.2124;0.0006
1557;8.2082;8.1971;0.0086
1558;9.7920;8.1826;0.0315
1559;11.3828;8.1658;0.0253
1560;12.9701;8.1496;0.0353
1561;14.5549;8.1321;0.0402
1562;16.1289;8.1171;0.0521
1563;17.6775;8.1034;0.0630
1564;19.1812;8.1056;0.0586
1565;20.6222;8.1491;0.0672
1566;1.1101;7.0759;-0.0191
1567;2.6639;6.9406;-0.0158
1568;4.2483;6.8961;-0.0064
1569;5.8367;6.8727;0.0020
1570;7.4240;6.8565;0.0109
1571;9.0120;6.8396;0.0167
1572;10.5983;6.8252;0.0298
1573;12.1887;6.8085;0.0256
1574;13.7748;6.7917;0.0320
1575;15.3559;6.7759;0.0451
1576;16.9221;6.7611;0.0597
1577;18.4656;6.7560;0.0576
1578;19.9988;6.8103;0.0676
1579;1.8018;5.6731;-0.0178
1580;3.4523;5.5783;-0.0052
1581;5.0541;5.5375;-0.0024
1582;6.6438;5.5147;0.0058
1583;8.2303;5.4995;0.0143
1584;9.8169;5.4852;0.0221
1585;11.4055;5.4710;0.0274
1586;12.9938;5.4544;0.0265
1587;14.5759;5.4400;0.0461
1588;16.1483;5.4237;0.0531
1589;17.6894;5.4128;0.0576
1590;19.1647;5.4279;0.0671
1591;20.4893;5.5589;0.0780
1592;1.3330;4.3743;-0.0212
1593;2.7901;4.2670;-0.0118
1594;4.3233;4.2032;-0.0062
1595;5.8873;4.1755;-0.0032
1596;7.4618;4.1599;0.0159
1597;9.0451;4.1495;0.0242
1598;10.6320;4.1370;0.0243
1599;12.2184;4.1260;0.0353
1600;13.8052;4.1129;0.0424
1601;15.3868;4.1020;0.0567
1602;16.9591;4.0892;0.0605
1603;18.5190;4.0969;0.0716
1604;20.1172;4.1586;0.0724
1605;1.0564;2.9437;-0.0206
1606;2.2536;2.8814;-0.0168
1607;3.6634;2.8393;-0.0119
1608;5.1773;2.8254;0.0042
1609;6.7363;2.8181;0.0077
1610;8.3106;2.8126;0.0219
1611;9.8943;2.8080;0.0288
1612;11.4810;2.8022;0.0337
1613;13.0684;2.7961;0.0417
1614;14.6551;2.7881;0.0385
1615;16.2275;2.7833;0.0613
1616;17.7701;2.7819;0.0730
1617;19.2419;2.8208;0.0737
1618;20.5529;2.8251;0.0690
1619;1.4337;1.4822;-0.0176
1620;2.9723;1.4534;-0.0076
1621;4.5214;1.4614;0.0022
1622;6.0850;1.4709;0.0139
1623;7.6595;1.4767;0.0285
1624;9.2419;1.4802;0.0307
1625;10.8296;1.4839;0.0305
1626;12.4162;1.4880;0.0386
1627;14.0041;1.4904;0.0495
1628;15.5903;1.4903;0.0534
1629;17.1629;1.4913;0.0653
1630;18.7103;1.4953;0.0693
1631;20.1923;1.5462;0.0739
