# Units: length:mm angle:deg time:s force:N 
# Stage: Stufe 1075
stage;index;relative_time;date
"Stufe 1075";649;995.6885;"2024-02-28T13:51:12.723"
# Name : Analogeingang 0
force;untransformed;transformed
21524.3301;5.3811;21524.3301
# Name : Flächenkomponente 1
id;x;y;z
0;0.9696;143.1866;-0.2695
1;2.3878;143.2065;-0.2528
2;3.8057;143.2255;-0.2305
3;5.2263;143.2441;-0.2125
4;6.6477;143.2638;-0.1982
5;8.0702;143.2816;-0.1798
6;9.4934;143.3003;-0.1606
7;10.9185;143.3194;-0.1357
8;12.3458;143.3384;-0.1240
9;13.7724;143.3573;-0.1062
10;15.2009;143.3753;-0.0891
11;16.6310;143.3953;-0.0695
12;18.0630;143.4157;-0.0521
13;19.4960;143.4341;-0.0340
18;22.3925;139.2867;-0.0006
19;22.3890;137.8841;-0.0020
20;22.3889;136.4812;-0.0097
21;22.3866;135.0790;-0.0136
22;22.3824;133.6760;-0.0127
23;22.3792;132.2723;-0.0164
24;22.3768;130.8686;-0.0229
25;22.3780;129.4675;-0.0312
26;22.3759;128.0634;-0.0352
27;22.3709;126.6590;-0.0342
28;22.3662;125.2521;-0.0364
29;22.3632;123.8498;-0.0383
30;22.3631;122.4448;-0.0458
31;22.3628;121.0410;-0.0511
32;22.3597;119.6378;-0.0555
33;22.3555;118.2344;-0.0567
34;22.3530;116.8314;-0.0669
35;22.3524;115.4284;-0.0653
36;22.3518;114.0225;-0.0717
37;22.3499;112.6195;-0.0788
38;22.3452;111.2117;-0.0733
39;22.3434;109.8098;-0.0768
40;22.3444;108.4073;-0.0954
41;22.3423;107.0041;-0.0935
42;22.3418;105.6005;-0.1045
43;22.3368;104.1970;-0.1049
44;22.3368;102.7908;-0.1164
45;22.3360;101.3875;-0.1238
46;22.3352;99.9827;-0.1286
47;22.3332;98.5798;-0.1366
48;22.3317;97.1759;-0.1421
49;22.3312;95.7733;-0.1482
50;22.3293;94.3703;-0.1510
51;22.3268;92.9653;-0.1512
52;22.3273;91.5604;-0.1629
53;22.3253;90.1572;-0.1717
54;22.3264;88.7519;-0.1815
55;22.3227;87.3497;-0.1806
56;22.3215;85.9473;-0.1827
57;22.3218;84.5448;-0.1974
58;22.3209;83.1393;-0.2049
59;22.3197;81.7366;-0.2060
60;22.3198;80.3322;-0.2137
61;22.3176;78.9306;-0.2144
62;22.3165;77.5247;-0.2178
63;22.3153;76.1223;-0.2220
64;22.3184;74.7191;-0.2368
65;22.3164;73.3155;-0.2351
66;22.3155;71.9131;-0.2378
67;22.3158;70.5098;-0.2434
68;22.3182;69.1063;-0.2588
69;22.3180;67.7029;-0.2552
70;22.3210;66.2964;-0.2718
71;22.3180;64.8924;-0.2667
72;22.3162;63.4908;-0.2606
73;22.3142;62.0886;-0.2620
74;22.3153;60.6881;-0.2697
75;22.3179;59.2835;-0.2755
76;22.3206;57.8778;-0.2917
77;22.3182;56.4786;-0.2825
78;22.3208;55.0717;-0.3031
79;22.3163;53.6712;-0.2846
80;22.3210;52.2667;-0.3006
81;22.3221;50.8633;-0.3058
82;22.3211;49.4610;-0.3028
83;22.3178;48.0581;-0.2945
84;22.3174;46.6545;-0.2928
85;22.3218;45.2519;-0.3108
86;22.3194;43.8494;-0.3026
87;22.3221;42.4438;-0.3142
88;22.3210;41.0406;-0.3143
89;22.3254;39.6388;-0.3341
90;22.3292;38.2359;-0.3528
91;22.3271;36.8350;-0.3483
92;22.3301;35.4335;-0.3568
93;22.3311;34.0291;-0.3697
94;22.3295;32.6282;-0.3701
95;22.3300;31.2255;-0.3689
96;22.3291;29.8245;-0.3618
97;22.3296;28.4234;-0.3551
98;22.3295;27.0199;-0.3529
99;22.3299;25.6185;-0.3541
100;22.3307;24.2100;-0.3541
101;22.3407;22.8092;-0.3895
102;22.3417;21.4077;-0.3894
103;22.3442;20.0046;-0.4009
104;22.3409;18.6010;-0.3892
105;22.3467;17.1980;-0.4023
106;22.3473;15.7994;-0.3964
107;22.3484;14.3972;-0.3979
108;22.3480;12.9958;-0.3951
109;22.3468;11.5931;-0.3899
110;22.3486;10.1901;-0.3910
111;22.3534;8.7881;-0.4000
112;22.3518;7.3882;-0.3934
113;22.3581;5.9854;-0.4087
114;22.3590;4.5828;-0.4079
115;22.3569;3.1860;-0.4023
116;22.3631;1.7780;-0.4235
117;22.3594;0.3782;-0.4094
139;-0.0778;0.4204;-0.6764
140;-0.0776;1.8111;-0.6817
141;-0.0784;3.2009;-0.6847
142;-0.0822;4.5978;-0.6731
143;-0.0853;5.9872;-0.6657
144;-0.0840;7.3773;-0.6740
145;-0.0875;8.7678;-0.6634
146;-0.0890;10.1602;-0.6535
147;-0.0943;11.5532;-0.6389
148;-0.0958;12.9448;-0.6357
149;-0.0957;14.3384;-0.6377
150;-0.0993;15.7309;-0.6288
151;-0.0969;17.1222;-0.6387
152;-0.1019;18.5160;-0.6246
153;-0.1055;19.9078;-0.6128
154;-0.1052;21.3008;-0.6134
155;-0.1060;22.6939;-0.6098
156;-0.1056;24.0850;-0.6138
157;-0.1089;25.4799;-0.6085
158;-0.1105;26.8735;-0.5910
159;-0.1120;28.2669;-0.5818
160;-0.1140;29.6581;-0.5762
161;-0.1156;31.0505;-0.5723
162;-0.1173;32.4430;-0.5690
163;-0.1211;33.8349;-0.5506
164;-0.1179;35.2292;-0.5506
165;-0.1153;36.6228;-0.5632
166;-0.1201;38.0164;-0.5436
167;-0.1226;39.4117;-0.5443
168;-0.1230;40.8030;-0.5489
169;-0.1220;42.1969;-0.5428
170;-0.1208;43.5907;-0.5342
171;-0.1263;44.9847;-0.5157
172;-0.1210;46.3782;-0.5503
173;-0.1242;47.7703;-0.5391
174;-0.1239;49.1637;-0.5294
175;-0.1265;50.5604;-0.5120
176;-0.1318;51.9536;-0.4887
177;-0.1300;53.3482;-0.5057
178;-0.1330;54.7407;-0.5072
179;-0.1324;56.1329;-0.4942
180;-0.1313;57.5288;-0.4905
181;-0.1336;58.9230;-0.4750
182;-0.1341;60.3170;-0.4722
183;-0.1349;61.7119;-0.4812
184;-0.1333;63.1053;-0.4802
185;-0.1340;64.4993;-0.4697
186;-0.1339;65.8928;-0.4659
187;-0.1347;67.2864;-0.4631
188;-0.1361;68.6822;-0.4668
189;-0.1369;70.0748;-0.4625
190;-0.1376;71.4692;-0.4481
191;-0.1386;72.8643;-0.4428
192;-0.1377;74.2610;-0.4434
193;-0.1381;75.6560;-0.4468
194;-0.1392;77.0471;-0.4366
195;-0.1366;78.4452;-0.4457
196;-0.1374;79.8376;-0.4413
197;-0.1365;81.2331;-0.4346
198;-0.1356;82.6290;-0.4365
199;-0.1356;84.0229;-0.4270
200;-0.1352;85.4173;-0.4262
201;-0.1353;86.8122;-0.4250
202;-0.1342;88.2074;-0.4254
203;-0.1336;89.6007;-0.4174
204;-0.1333;90.9954;-0.4042
205;-0.1318;92.3921;-0.4089
206;-0.1314;93.7877;-0.4114
207;-0.1318;95.1815;-0.4045
208;-0.1287;96.5768;-0.4041
209;-0.1285;97.9723;-0.3914
210;-0.1262;99.3678;-0.3949
211;-0.1262;100.7625;-0.3931
212;-0.1259;102.1558;-0.3958
213;-0.1238;103.5514;-0.3882
214;-0.1234;104.9445;-0.3725
215;-0.1207;106.3402;-0.3729
216;-0.1204;107.7383;-0.3732
217;-0.1193;109.1305;-0.3798
218;-0.1184;110.5255;-0.3696
219;-0.1154;111.9205;-0.3651
220;-0.1128;113.3143;-0.3572
221;-0.1118;114.7127;-0.3520
222;-0.1119;116.1077;-0.3583
223;-0.1116;117.5023;-0.3524
224;-0.1069;118.8979;-0.3523
225;-0.1043;120.2927;-0.3443
226;-0.1024;121.6888;-0.3350
227;-0.1017;123.0855;-0.3374
228;-0.0996;124.4797;-0.3387
229;-0.0980;125.8737;-0.3309
230;-0.0941;127.2700;-0.3214
231;-0.0907;128.6675;-0.3207
232;-0.0913;130.0633;-0.3169
233;-0.0898;131.4581;-0.3192
234;-0.0884;132.8505;-0.3154
235;-0.0839;134.2467;-0.3055
236;-0.0796;135.6430;-0.3021
237;-0.0800;137.0372;-0.2929
238;-0.0784;138.4328;-0.2968
239;-0.0771;139.8267;-0.2907
240;-0.0736;141.2190;-0.2835
241;-0.0694;142.6151;-0.2700
242;0.8387;141.8533;-0.2748
243;1.9405;141.9407;-0.2591
244;3.2328;141.9592;-0.2416
245;4.5989;141.9763;-0.2279
246;5.9979;141.9930;-0.2061
247;7.4121;142.0127;-0.1901
248;8.8299;142.0328;-0.1717
249;10.2536;142.0502;-0.1557
250;11.6791;142.0705;-0.1362
251;13.1047;142.0909;-0.1149
252;14.5320;142.1110;-0.1006
253;15.9593;142.1311;-0.0796
254;17.3796;142.1517;-0.0614
255;18.7835;142.1737;-0.0437
258;1.2175;140.6339;-0.2725
259;2.5756;140.6886;-0.2548
260;3.9399;140.7105;-0.2401
261;5.3250;140.7294;-0.2187
262;6.7326;140.7496;-0.2020
263;8.1460;140.7702;-0.1859
264;9.5672;140.7905;-0.1678
265;10.9902;140.8101;-0.1506
266;12.4143;140.8316;-0.1293
267;13.8413;140.8522;-0.1099
268;15.2694;140.8728;-0.0913
269;16.6931;140.8935;-0.0729
270;18.1070;140.9146;-0.0556
271;19.5038;140.9398;-0.0352
273;0.8907;139.3631;-0.2827
274;2.0247;139.4302;-0.2671
275;3.2989;139.4561;-0.2483
276;4.6495;139.4765;-0.2340
277;6.0385;139.4978;-0.2135
278;7.4456;139.5167;-0.1974
279;8.8641;139.5388;-0.1778
280;10.2857;139.5604;-0.1619
281;11.7083;139.5832;-0.1395
282;13.1355;139.6042;-0.1238
283;14.5614;139.6247;-0.1054
284;15.9874;139.6441;-0.0851
285;17.4048;139.6655;-0.0737
286;18.7953;139.6833;-0.0514
287;20.1316;139.7031;-0.0305
288;21.3445;139.7899;-0.0221
289;1.2941;138.1854;-0.2803
290;2.6178;138.2122;-0.2678
291;3.9612;138.2333;-0.2454
292;5.3400;138.2550;-0.2306
293;6.7395;138.2769;-0.2130
294;8.1540;138.2992;-0.1894
295;9.5726;138.3195;-0.1751
296;10.9963;138.3417;-0.1545
297;12.4197;138.3637;-0.1386
298;13.8471;138.3844;-0.1172
299;15.2736;138.4053;-0.0994
300;16.6984;138.4262;-0.0821
301;18.1203;138.4446;-0.0636
302;19.5397;138.4622;-0.0417
303;20.9926;138.5059;-0.0255
304;0.7752;137.0157;-0.2933
305;1.9958;136.9948;-0.2768
306;3.2931;137.0019;-0.2575
307;4.6473;137.0225;-0.2449
308;6.0348;137.0428;-0.2264
309;7.4417;137.0674;-0.2045
310;8.8588;137.0875;-0.1844
311;10.2784;137.1087;-0.1684
312;11.7031;137.1302;-0.1504
313;13.1289;137.1514;-0.1344
314;14.5556;137.1726;-0.1113
315;15.9809;137.1943;-0.0956
316;17.4006;137.2151;-0.0762
317;18.8041;137.2326;-0.0572
318;20.1607;137.2438;-0.0426
319;21.3644;137.2588;-0.0266
320;1.2957;135.8181;-0.2895
321;2.6118;135.7854;-0.2721
322;3.9543;135.7955;-0.2532
323;5.3324;135.8169;-0.2403
324;6.7304;135.8392;-0.2149
325;8.1428;135.8623;-0.1993
326;9.5603;135.8811;-0.1784
327;10.9836;135.9037;-0.1609
328;12.4104;135.9242;-0.1449
329;13.8368;135.9449;-0.1254
330;15.2635;135.9656;-0.1087
331;16.6885;135.9873;-0.0920
332;18.1089;136.0080;-0.0711
333;19.5272;136.0207;-0.0510
334;20.9759;135.9830;-0.0362
335;0.8897;134.6659;-0.3031
336;2.0099;134.5778;-0.2889
337;3.2842;134.5718;-0.2668
338;4.6361;134.5930;-0.2532
339;6.0234;134.6158;-0.2319
340;7.4296;134.6369;-0.2074
341;8.8455;134.6593;-0.1969
342;10.2676;134.6798;-0.1755
343;11.6910;134.6997;-0.1594
344;13.1178;134.7213;-0.1376
345;14.5447;134.7425;-0.1221
346;15.9683;134.7623;-0.1034
347;17.3857;134.7832;-0.0846
348;18.7798;134.7998;-0.0667
349;20.1192;134.7935;-0.0461
350;21.3209;134.6755;-0.0301
351;1.2019;133.3917;-0.3040
352;2.5625;133.3580;-0.2759
353;3.9283;133.3709;-0.2582
354;5.3149;133.3935;-0.2434
355;6.7164;133.4157;-0.2269
356;8.1294;133.4372;-0.2087
357;9.5504;133.4578;-0.1892
358;10.9744;133.4784;-0.1707
359;12.3972;133.4990;-0.1501
360;13.8258;133.5193;-0.1344
361;15.2504;133.5392;-0.1163
362;16.6740;133.5589;-0.0970
363;18.0865;133.5758;-0.0792
364;19.4839;133.5817;-0.0585
365;20.8798;133.5333;-0.0405
366;0.8467;132.1520;-0.3113
367;1.9635;132.1460;-0.2886
368;3.2570;132.1549;-0.2735
369;4.6156;132.1740;-0.2564
370;6.0079;132.1955;-0.2391
371;7.4157;132.2161;-0.2185
372;8.8334;132.2362;-0.2010
373;10.2549;132.2559;-0.1832
374;11.6785;132.2769;-0.1650
375;13.1044;132.2961;-0.1439
376;14.5316;132.3162;-0.1290
377;15.9562;132.3356;-0.1094
378;17.3742;132.3530;-0.0928
379;18.7719;132.3667;-0.0734
380;20.1363;132.3661;-0.0549
381;21.4518;132.3226;-0.0383
382;1.1865;130.9053;-0.3068
383;2.5477;130.9392;-0.2840
384;3.9114;130.9570;-0.2646
385;5.3002;130.9767;-0.2520
386;6.7030;130.9962;-0.2337
387;8.1175;131.0158;-0.2136
388;9.5375;131.0358;-0.1963
389;10.9594;131.0558;-0.1789
390;12.3859;131.0754;-0.1600
391;13.8120;131.0956;-0.1427
392;15.2369;131.1151;-0.1200
393;16.6623;131.1322;-0.1073
394;18.0748;131.1487;-0.0878
395;19.4751;131.1594;-0.0641
396;20.8806;131.1762;-0.0505
397;0.8680;129.6360;-0.3117
398;1.9861;129.7183;-0.2979
399;3.2588;129.7417;-0.2788
400;4.6087;129.7588;-0.2624
401;5.9966;129.7770;-0.2460
402;7.4033;129.7976;-0.2226
403;8.8215;129.8156;-0.2083
404;10.2417;129.8362;-0.1916
405;11.6661;129.8549;-0.1735
406;13.0918;129.8732;-0.1579
407;14.5173;129.8930;-0.1330
408;15.9437;129.9111;-0.1165
409;17.3606;129.9281;-0.0994
410;18.7585;129.9400;-0.0785
411;20.1112;129.9471;-0.0642
412;21.3324;130.0179;-0.0467
413;1.2668;128.4770;-0.3130
414;2.5787;128.5199;-0.2965
415;3.9183;128.5392;-0.2742
416;5.2939;128.5590;-0.2601
417;6.6926;128.5795;-0.2404
418;8.1059;128.5975;-0.2220
419;9.5247;128.6160;-0.2063
420;10.9475;128.6353;-0.1857
421;12.3742;128.6541;-0.1716
422;13.7983;128.6713;-0.1496
423;15.2249;128.6887;-0.1258
424;16.6507;128.7084;-0.1169
425;18.0725;128.7244;-0.0926
426;19.5004;128.7393;-0.0767
427;20.9725;128.7587;-0.0509
428;0.7486;127.2907;-0.3184
429;1.9619;127.3081;-0.3081
430;3.2509;127.3206;-0.2865
431;4.6007;127.3393;-0.2729
432;5.9866;127.3607;-0.2576
433;7.3918;127.3779;-0.2337
434;8.8084;127.3973;-0.2161
435;10.2288;127.4150;-0.1961
436;11.6535;127.4329;-0.1790
437;13.0803;127.4516;-0.1654
438;14.5047;127.4682;-0.1403
439;15.9315;127.4872;-0.1231
440;17.3500;127.5046;-0.1023
441;18.7507;127.5232;-0.0854
442;20.1019;127.5464;-0.0715
443;21.3228;127.5024;-0.0519
444;1.2617;126.1262;-0.3144
445;2.5695;126.1060;-0.3010
446;3.9084;126.1187;-0.2842
447;5.2827;126.1393;-0.2650
448;6.6816;126.1595;-0.2504
449;8.0928;126.1775;-0.2294
450;9.5122;126.1955;-0.2130
451;10.9337;126.2127;-0.1910
452;12.3596;126.2322;-0.1731
453;13.7861;126.2481;-0.1559
454;15.2126;126.2661;-0.1362
455;16.6361;126.2830;-0.1163
456;18.0537;126.2998;-0.0971
457;19.4562;126.3190;-0.0794
458;20.8633;126.3318;-0.0622
459;0.8505;124.9604;-0.3284
460;1.9662;124.8962;-0.3104
461;3.2383;124.8983;-0.2965
462;4.5866;124.9201;-0.2800
463;5.9745;124.9410;-0.2625
464;7.3798;124.9592;-0.2459
465;8.7954;124.9756;-0.2228
466;10.2165;124.9929;-0.2066
467;11.6399;125.0105;-0.1842
468;13.0673;125.0286;-0.1668
469;14.4931;125.0457;-0.1509
470;15.9175;125.0625;-0.1297
471;17.3380;125.0784;-0.1144
472;18.7399;125.0954;-0.0965
473;20.1093;125.1239;-0.0755
474;21.4309;125.1912;-0.0576
475;1.1621;123.7018;-0.3215
476;2.5180;123.6861;-0.3059
477;3.8801;123.7026;-0.2892
478;5.2648;123.7209;-0.2717
479;6.6677;123.7397;-0.2572
480;8.0795;123.7572;-0.2377
481;9.4988;123.7743;-0.2131
482;10.9206;123.7912;-0.1965
483;12.3472;123.8083;-0.1790
484;13.7739;123.8257;-0.1649
485;15.2006;123.8406;-0.1464
486;16.6256;123.8575;-0.1257
487;18.0408;123.8724;-0.1093
488;19.4434;123.8979;-0.0895
489;20.8495;123.9752;-0.0672
490;0.8066;122.4728;-0.3295
491;1.9243;122.4705;-0.3151
492;3.2130;122.4888;-0.3008
493;4.5693;122.5048;-0.2842
494;5.9577;122.5231;-0.2674
495;7.3658;122.5400;-0.2478
496;8.7829;122.5561;-0.2279
497;10.2038;122.5724;-0.2057
498;11.6272;122.5884;-0.1854
499;13.0546;122.6057;-0.1757
500;14.4823;122.6227;-0.1573
501;15.9087;122.6364;-0.1414
502;17.3266;122.6508;-0.1199
503;18.7257;122.6676;-0.1026
504;20.0760;122.7039;-0.0896
505;21.2916;122.8495;-0.0703
506;1.1637;121.2187;-0.3309
507;2.5147;121.2752;-0.3131
508;3.8725;121.2908;-0.2958
509;5.2529;121.3053;-0.2785
510;6.6538;121.3225;-0.2589
511;8.0684;121.3385;-0.2432
512;9.4861;121.3546;-0.2241
513;10.9111;121.3708;-0.2080
514;12.3357;121.3871;-0.1893
515;13.7626;121.4026;-0.1709
516;15.1907;121.4168;-0.1564
517;16.6155;121.4317;-0.1362
518;18.0401;121.4475;-0.1141
519;19.4707;121.4675;-0.0966
520;20.9373;121.5441;-0.0814
521;0.8538;119.9362;-0.3401
522;1.9695;120.0648;-0.3212
523;3.2278;120.0779;-0.3060
524;4.5662;120.0906;-0.2879
525;5.9498;120.1055;-0.2752
526;7.3549;120.1220;-0.2535
527;8.7706;120.1374;-0.2352
528;10.1918;120.1521;-0.2177
529;11.6170;120.1680;-0.2018
530;13.0421;120.1837;-0.1829
531;14.4683;120.1974;-0.1583
532;15.8949;120.2120;-0.1457
533;17.3179;120.2275;-0.1230
534;18.7288;120.2443;-0.1054
535;20.1042;120.2662;-0.0918
536;21.3285;120.2768;-0.0765
537;1.2929;118.8583;-0.3345
538;2.5671;118.8587;-0.3170
539;3.8856;118.8716;-0.3055
540;5.2502;118.8889;-0.2863
541;6.6456;118.9053;-0.2679
542;8.0554;118.9196;-0.2455
543;9.4749;118.9348;-0.2314
544;10.8991;118.9503;-0.2140
545;12.3242;118.9654;-0.1988
546;13.7494;118.9794;-0.1782
547;15.1767;118.9943;-0.1583
548;16.6031;119.0088;-0.1353
549;18.0313;119.0251;-0.1222
550;19.4622;119.0413;-0.1019
551;20.9308;119.0201;-0.0815
552;0.8568;117.8053;-0.3434
553;1.9736;117.6511;-0.3310
554;3.2269;117.6488;-0.3195
555;4.5587;117.6681;-0.2964
556;5.9401;117.6856;-0.2798
557;7.3434;117.7014;-0.2606
558;8.7594;117.7167;-0.2428
559;10.1795;117.7322;-0.2247
560;11.6031;117.7460;-0.2074
561;13.0311;117.7614;-0.1901
562;14.4557;117.7732;-0.1711
563;15.8826;117.7881;-0.1527
564;17.3045;117.8040;-0.1368
565;18.7070;117.8197;-0.1194
566;20.0578;117.8242;-0.0950
567;21.2828;117.7390;-0.0811
568;1.1646;116.5142;-0.3448
569;2.5077;116.4401;-0.3261
570;3.8562;116.4478;-0.3112
571;5.2321;116.4668;-0.2880
572;6.6315;116.4825;-0.2737
573;8.0437;116.4986;-0.2596
574;9.4629;116.5137;-0.2374
575;10.8852;116.5282;-0.2176
576;12.3116;116.5413;-0.2029
577;13.7379;116.5555;-0.1870
578;15.1636;116.5687;-0.1623
579;16.5906;116.5827;-0.1449
580;18.0078;116.5970;-0.1306
581;19.4148;116.6061;-0.1139
582;20.8286;116.5879;-0.0933
583;0.8031;115.2681;-0.3469
584;1.9053;115.2495;-0.3392
585;3.1844;115.2342;-0.3209
586;4.5362;115.2486;-0.3041
587;5.9237;115.2666;-0.2895
588;7.3293;115.2822;-0.2668
589;8.7460;115.2951;-0.2496
590;10.1667;115.3095;-0.2285
591;11.5921;115.3227;-0.2146
592;13.0184;115.3367;-0.1983
593;14.4449;115.3510;-0.1765
594;15.8709;115.3626;-0.1591
595;17.2930;115.3761;-0.1408
596;18.6985;115.3871;-0.1232
597;20.0730;115.3993;-0.1061
598;21.4077;115.4159;-0.0845
599;1.1404;114.0295;-0.3514
600;2.4755;114.0277;-0.3389
601;3.8323;114.0337;-0.3104
602;5.2167;114.0501;-0.2993
603;6.6193;114.0665;-0.2854
604;8.0325;114.0792;-0.2655
605;9.4504;114.0921;-0.2453
606;10.8738;114.1063;-0.2262
607;12.2999;114.1165;-0.2118
608;13.7267;114.1322;-0.1924
609;15.1531;114.1456;-0.1714
610;16.5779;114.1572;-0.1535
611;17.9973;114.1681;-0.1351
612;19.4068;114.1830;-0.1235
613;20.8235;114.2306;-0.0984
614;0.8042;112.7961;-0.3607
615;1.9005;112.8038;-0.3458
616;3.1754;112.8246;-0.3280
617;4.5258;112.8356;-0.3142
618;5.9124;112.8502;-0.2984
619;7.3193;112.8627;-0.2784
620;8.7357;112.8756;-0.2584
621;10.1568;112.8885;-0.2421
622;11.5813;112.9003;-0.2217
623;13.0067;112.9132;-0.2062
624;14.4363;112.9264;-0.1923
625;15.8619;112.9393;-0.1696
626;17.2806;112.9488;-0.1483
627;18.6850;112.9565;-0.1322
628;20.0420;112.9765;-0.1119
629;21.2745;113.0912;-0.0931
630;1.1476;111.5422;-0.3542
631;2.4877;111.6116;-0.3356
632;3.8337;111.6236;-0.3232
633;5.2094;111.6360;-0.3066
634;6.6085;111.6460;-0.2883
635;8.0206;111.6598;-0.2730
636;9.4410;111.6730;-0.2556
637;10.8635;111.6835;-0.2361
638;12.2879;111.6961;-0.2169
639;13.7161;111.7075;-0.2041
640;15.1431;111.7201;-0.1842
641;16.5698;111.7311;-0.1588
642;17.9983;111.7392;-0.1448
643;19.4346;111.7489;-0.1278
644;20.9122;111.8045;-0.1057
645;0.8348;110.2526;-0.3640
646;1.9481;110.4052;-0.3485
647;3.1927;110.4090;-0.3324
648;4.5253;110.4197;-0.3171
649;5.9047;110.4311;-0.2989
650;7.3075;110.4431;-0.2788
651;8.7248;110.4579;-0.2687
652;10.1463;110.4679;-0.2515
653;11.5688;110.4790;-0.2285
654;12.9970;110.4910;-0.2135
655;14.4244;110.5020;-0.1989
656;15.8505;110.5140;-0.1777
657;17.2754;110.5239;-0.1578
658;18.6908;110.5325;-0.1396
659;20.0742;110.5404;-0.1254
660;21.3034;110.5566;-0.1039
661;1.2809;109.2130;-0.3617
662;2.5327;109.1923;-0.3434
663;3.8426;109.2012;-0.3273
664;5.2065;109.2151;-0.3139
665;6.5987;109.2270;-0.2912
666;8.0095;109.2401;-0.2767
667;9.4279;109.2513;-0.2543
668;10.8514;109.2635;-0.2432
669;12.2759;109.2744;-0.2192
670;13.7039;109.2858;-0.2062
671;15.1324;109.2966;-0.1900
672;16.5612;109.3068;-0.1725
673;17.9894;109.3183;-0.1575
674;19.4263;109.3244;-0.1390
675;20.9027;109.2799;-0.1136
676;0.7973;108.2198;-0.3679
677;1.9142;107.9876;-0.3523
678;3.1742;107.9804;-0.3380
679;4.5112;107.9961;-0.3199
680;5.8928;108.0109;-0.3055
681;7.2975;108.0242;-0.2885
682;8.7126;108.0360;-0.2660
683;10.1334;108.0475;-0.2503
684;11.5584;108.0571;-0.2360
685;12.9855;108.0684;-0.2215
686;14.4126;108.0793;-0.2037
687;15.8393;108.0897;-0.1854
688;17.2618;108.1005;-0.1722
689;18.6663;108.1081;-0.1498
690;20.0241;108.0953;-0.1267
691;21.2529;107.9726;-0.1087
692;1.1152;106.8573;-0.3676
693;2.4553;106.7752;-0.3508
694;3.8091;106.7799;-0.3392
695;5.1864;106.7935;-0.3231
696;6.5851;106.8077;-0.2983
697;7.9984;106.8198;-0.2840
698;9.4164;106.8309;-0.2648
699;10.8404;106.8429;-0.2498
700;12.2670;106.8512;-0.2379
701;13.6928;106.8617;-0.2117
702;15.1209;106.8713;-0.1948
703;16.5471;106.8815;-0.1851
704;17.9683;106.8893;-0.1662
705;19.3794;106.8860;-0.1436
706;20.8004;106.8349;-0.1288
707;0.7742;105.5851;-0.3750
708;1.8642;105.5800;-0.3626
709;3.1385;105.5672;-0.3462
710;4.4898;105.5795;-0.3309
711;5.8777;105.5921;-0.3152
712;7.2852;105.6054;-0.2970
713;8.7005;105.6149;-0.2777
714;10.1234;105.6256;-0.2618
715;11.5468;105.6363;-0.2427
716;12.9741;105.6458;-0.2291
717;14.4026;105.6548;-0.2118
718;15.8284;105.6640;-0.1939
719;17.2503;105.6711;-0.1742
720;18.6603;105.6748;-0.1545
721;20.0415;105.6679;-0.1390
722;21.3894;105.6349;-0.1208
723;1.1026;104.3399;-0.3735
724;2.4334;104.3511;-0.3645
725;3.7871;104.3627;-0.3423
726;5.1712;104.3768;-0.3341
727;6.5732;104.3892;-0.3124
728;7.9863;104.4002;-0.2922
729;9.4056;104.4104;-0.2723
730;10.8288;104.4196;-0.2545
731;12.2544;104.4286;-0.2389
732;13.6823;104.4377;-0.2209
733;15.1096;104.4470;-0.2054
734;16.5360;104.4549;-0.1872
735;17.9584;104.4594;-0.1699
736;19.3733;104.4626;-0.1533
737;20.8008;104.4806;-0.1367
738;0.7821;103.0768;-0.3801
739;1.8588;103.1025;-0.3668
740;3.1214;103.1344;-0.3623
741;4.4696;103.1570;-0.3341
742;5.8628;103.1738;-0.3221
743;7.2724;103.1861;-0.3048
744;8.6912;103.1944;-0.2902
745;10.1125;103.2050;-0.2693
746;11.5358;103.2134;-0.2518
747;12.9639;103.2215;-0.2381
748;14.3911;103.2292;-0.2210
749;15.8193;103.2383;-0.2066
750;17.2405;103.2449;-0.1871
751;18.6489;103.2480;-0.1718
752;20.0203;103.2450;-0.1594
753;21.2608;103.3256;-0.1332
754;1.0600;101.8137;-0.3786
755;2.3748;101.8782;-0.3644
756;3.7472;101.9290;-0.3493
757;5.1442;101.9554;-0.3295
758;6.5563;101.9702;-0.3207
759;7.9734;101.9800;-0.3006
760;9.3957;101.9888;-0.2855
761;10.8178;101.9983;-0.2645
762;12.2429;102.0079;-0.2431
763;13.6713;102.0153;-0.2327
764;15.1002;102.0218;-0.2200
765;16.5288;102.0291;-0.2039
766;17.9571;102.0365;-0.1789
767;19.3997;102.0405;-0.1626
768;20.9044;102.0487;-0.1402
769;1.4926;100.6536;-0.3795
770;2.9754;100.7079;-0.3620
771;4.4116;100.7377;-0.3461
772;5.8340;100.7546;-0.3285
773;7.2560;100.7664;-0.3165
774;8.6769;100.7744;-0.2943
775;10.0994;100.7819;-0.2709
776;11.5246;100.7911;-0.2574
777;12.9511;100.7999;-0.2396
778;14.3799;100.8061;-0.2287
779;15.8080;100.8131;-0.2137
780;17.2318;100.8211;-0.1972
781;18.6425;100.8303;-0.1747
782;20.0235;100.8463;-0.1643
783;21.2900;100.7512;-0.1390
784;0.8672;99.4365;-0.3941
785;2.2656;99.5047;-0.3699
786;3.6891;99.5262;-0.3540
787;5.1129;99.5419;-0.3384
788;6.5363;99.5529;-0.3236
789;7.9593;99.5618;-0.3064
790;9.3829;99.5691;-0.2910
791;10.8067;99.5769;-0.2695
792;12.2320;99.5846;-0.2548
793;13.6582;99.5914;-0.2321
794;15.0880;99.5977;-0.2211
795;16.5149;99.6052;-0.2053
796;17.9389;99.6128;-0.1848
797;19.3584;99.6238;-0.1730
798;20.7864;99.6262;-0.1539
799;1.4852;98.3166;-0.3869
800;2.9528;98.3178;-0.3694
801;4.3883;98.3309;-0.3444
802;5.8156;98.3407;-0.3346
803;7.2402;98.3482;-0.3145
804;8.6630;98.3570;-0.2932
805;10.0888;98.3645;-0.2850
806;11.5159;98.3699;-0.2698
807;12.9413;98.3773;-0.2542
808;14.3704;98.3827;-0.2412
809;15.7973;98.3896;-0.2224
810;17.2219;98.3965;-0.2043
811;18.6357;98.4054;-0.1880
812;20.0224;98.4282;-0.1688
813;21.3787;98.5045;-0.1551
814;0.9638;97.1978;-0.3923
815;2.2703;97.1009;-0.3776
816;3.6758;97.1175;-0.3575
817;5.0997;97.1286;-0.3464
818;6.5225;97.1375;-0.3305
819;7.9475;97.1442;-0.3165
820;9.3715;97.1507;-0.2985
821;10.7976;97.1561;-0.2885
822;12.2264;97.1632;-0.2829
823;13.6526;97.1696;-0.2572
824;15.0776;97.1755;-0.2288
825;16.5068;97.1816;-0.2174
826;17.9298;97.1863;-0.1997
827;19.3477;97.2056;-0.1829
828;20.7791;97.2858;-0.1678
829;1.3547;95.9042;-0.3872
830;2.9021;95.9119;-0.3727
831;4.3639;95.9185;-0.3554
832;5.7986;95.9255;-0.3339
833;7.2282;95.9309;-0.3316
834;8.6537;95.9378;-0.3119
835;10.0778;95.9437;-0.2920
836;11.5048;95.9469;-0.2819
837;12.9317;95.9538;-0.2653
838;14.3593;95.9616;-0.2467
839;15.7863;95.9662;-0.2263
840;17.2102;95.9700;-0.2073
841;18.6191;95.9786;-0.1953
842;19.9909;96.0127;-0.1825
843;21.2348;96.1696;-0.1739
844;0.9560;94.5910;-0.3977
845;2.2594;94.7161;-0.3872
846;3.6644;94.7149;-0.3674
847;5.0873;94.7153;-0.3498
848;6.5114;94.7198;-0.3346
849;7.9344;94.7244;-0.3209
850;9.3598;94.7309;-0.3015
851;10.7860;94.7354;-0.2891
852;12.2108;94.7393;-0.2664
853;13.6394;94.7463;-0.2601
854;15.0681;94.7516;-0.2430
855;16.4985;94.7560;-0.2239
856;17.9323;94.7621;-0.2169
857;19.3759;94.7766;-0.1994
858;20.8669;94.8568;-0.1775
859;1.4728;93.4818;-0.3963
860;2.9335;93.5043;-0.3845
861;4.3663;93.5047;-0.3625
862;5.7932;93.5089;-0.3436
863;7.2192;93.5135;-0.3342
864;8.6419;93.5166;-0.3164
865;10.0673;93.5228;-0.2970
866;11.4934;93.5267;-0.2837
867;12.9189;93.5319;-0.2624
868;14.3471;93.5363;-0.2480
869;15.7780;93.5415;-0.2431
870;17.2062;93.5464;-0.2268
871;18.6284;93.5537;-0.2094
872;20.0243;93.5740;-0.1939
873;21.2794;93.5999;-0.1751
874;0.8538;92.3469;-0.4043
875;2.2468;92.3045;-0.3950
876;3.6577;92.2978;-0.3759
877;5.0792;92.2976;-0.3642
878;6.5011;92.2999;-0.3379
879;7.9262;92.3056;-0.3295
880;9.3495;92.3108;-0.3098
881;10.7759;92.3143;-0.2983
882;12.2007;92.3181;-0.2776
883;13.6290;92.3217;-0.2643
884;15.0587;92.3273;-0.2510
885;16.4882;92.3311;-0.2324
886;17.9261;92.3379;-0.2283
887;19.3742;92.3486;-0.2038
888;20.8781;92.3320;-0.1870
889;1.4703;91.1561;-0.3942
890;2.9297;91.0965;-0.3868
891;4.3583;91.0884;-0.3638
892;5.7830;91.0898;-0.3539
893;7.2074;91.0923;-0.3367
894;8.6326;91.0984;-0.3275
895;10.0581;91.1023;-0.3113
896;11.4826;91.1052;-0.2863
897;12.9099;91.1080;-0.2809
898;14.3382;91.1135;-0.2640
899;15.7660;91.1169;-0.2489
900;17.1933;91.1235;-0.2336
901;18.6091;91.1316;-0.2208
902;19.9829;91.1323;-0.2005
903;21.2345;91.0434;-0.1890
904;0.9949;90.0464;-0.4129
905;2.2647;89.9014;-0.3967
906;3.6538;89.8773;-0.3801
907;5.0707;89.8782;-0.3676
908;6.4916;89.8819;-0.3486
909;7.9151;89.8863;-0.3397
910;9.3395;89.8898;-0.3232
911;10.7644;89.8915;-0.3014
912;12.1898;89.8949;-0.2797
913;13.6193;89.9007;-0.2793
914;15.0474;89.9038;-0.2603
915;16.4754;89.9064;-0.2430
916;17.9018;89.9107;-0.2253
917;19.3262;89.9131;-0.2143
918;20.7657;89.8926;-0.2043
919;1.3664;88.7442;-0.4094
920;2.8806;88.6758;-0.3962
921;4.3359;88.6684;-0.3804
922;5.7704;88.6716;-0.3642
923;7.1985;88.6751;-0.3504
924;8.6222;88.6783;-0.3320
925;10.0472;88.6815;-0.3203
926;11.4735;88.6835;-0.3093
927;12.9007;88.6876;-0.2850
928;14.3286;88.6904;-0.2745
929;15.7557;88.6918;-0.2508
930;17.1830;88.6953;-0.2453
931;18.5991;88.6994;-0.2276
932;19.9952;88.7054;-0.2138
933;21.3604;88.7283;-0.1991
934;0.9401;87.4824;-0.4243
935;2.2135;87.4730;-0.4055
936;3.6255;87.4649;-0.3909
937;5.0528;87.4629;-0.3686
938;6.4792;87.4637;-0.3616
939;7.9046;87.4662;-0.3475
940;9.3295;87.4699;-0.3297
941;10.7557;87.4730;-0.3176
942;12.1801;87.4749;-0.2974
943;13.6107;87.4773;-0.2874
944;15.0377;87.4784;-0.2718
945;16.4662;87.4808;-0.2538
946;17.8934;87.4832;-0.2416
947;19.3154;87.4898;-0.2214
948;20.7556;87.5398;-0.2056
949;1.3493;86.2184;-0.4153
950;2.8673;86.2584;-0.3982
951;4.3265;86.2571;-0.3936
952;5.7592;86.2556;-0.3690
953;7.1875;86.2573;-0.3593
954;8.6116;86.2597;-0.3425
955;10.0364;86.2603;-0.3270
956;11.4634;86.2621;-0.3141
957;12.8914;86.2660;-0.3037
958;14.3193;86.2655;-0.2845
959;15.7468;86.2681;-0.2683
960;17.1719;86.2685;-0.2514
961;18.5868;86.2666;-0.2342
962;19.9651;86.2840;-0.2190
963;21.2205;86.4099;-0.2087
964;0.9752;84.9252;-0.4216
965;2.2468;85.0414;-0.4057
966;3.6344;85.0514;-0.4027
967;5.0491;85.0496;-0.3835
968;6.4712;85.0484;-0.3644
969;7.8951;85.0487;-0.3530
970;9.3196;85.0504;-0.3356
971;10.7435;85.0513;-0.3163
972;12.1704;85.0530;-0.3097
973;13.5981;85.0539;-0.2884
974;15.0278;85.0563;-0.2734
975;16.4598;85.0562;-0.2622
976;17.8958;85.0556;-0.2532
977;19.3478;85.0572;-0.2361
978;20.8539;85.1076;-0.2135
979;1.4536;83.7943;-0.4173
980;2.9063;83.8332;-0.4051
981;4.3321;83.8390;-0.3896
982;5.7535;83.8389;-0.3705
983;7.1769;83.8379;-0.3601
984;8.6016;83.8389;-0.3481
985;10.0263;83.8405;-0.3288
986;11.4524;83.8414;-0.3153
987;12.8784;83.8408;-0.3001
988;14.3060;83.8422;-0.2858
989;15.7392;83.8452;-0.2781
990;17.1685;83.8463;-0.2629
991;18.5952;83.8464;-0.2436
992;20.0033;83.8452;-0.2272
993;21.2744;83.8408;-0.2210
994;0.8403;82.6270;-0.4247
995;2.2241;82.6263;-0.4191
996;3.6272;82.6274;-0.4015
997;5.0421;82.6308;-0.3861
998;6.4621;82.6304;-0.3714
999;7.8855;82.6295;-0.3572
1000;9.3094;82.6300;-0.3513
1001;10.7335;82.6307;-0.3275
1002;12.1619;82.6336;-0.3170
1003;13.5890;82.6308;-0.3021
1004;15.0160;82.6323;-0.2795
1005;16.4503;82.6347;-0.2739
1006;17.8863;82.6354;-0.2570
1007;19.3408;82.6341;-0.2412
1008;20.8471;82.5767;-0.2362
1009;1.4519;81.4588;-0.4292
1010;2.9038;81.4222;-0.4227
1011;4.3242;81.4192;-0.3975
1012;5.7470;81.4215;-0.3843
1013;7.1702;81.4203;-0.3759
1014;8.5930;81.4197;-0.3549
1015;10.0161;81.4194;-0.3374
1016;11.4435;81.4209;-0.3316
1017;12.8692;81.4208;-0.3101
1018;14.2995;81.4193;-0.3033
1019;15.7267;81.4202;-0.2857
1020;17.1555;81.4209;-0.2735
1021;18.5703;81.4206;-0.2561
1022;19.9504;81.4026;-0.2378
1023;21.2092;81.2731;-0.2269
1024;0.9657;80.3312;-0.4441
1025;2.2386;80.2163;-0.4290
1026;3.6262;80.2072;-0.4224
1027;5.0341;80.2116;-0.3936
1028;6.4558;80.2106;-0.3932
1029;7.8746;80.2093;-0.3660
1030;9.3008;80.2100;-0.3575
1031;10.7246;80.2100;-0.3348
1032;12.1516;80.2099;-0.3236
1033;13.5801;80.2095;-0.3089
1034;15.0093;80.2075;-0.2998
1035;16.4388;80.2085;-0.2872
1036;17.8662;80.2060;-0.2668
1037;19.2917;80.1951;-0.2490
1038;20.7387;80.1407;-0.2370
1039;1.3407;79.0421;-0.4428
1040;2.8500;78.9992;-0.4179
1041;4.3004;78.9992;-0.4024
1042;5.7331;79.0019;-0.3906
1043;7.1575;79.0006;-0.3783
1044;8.5828;79.0014;-0.3619
1045;10.0076;79.0003;-0.3476
1046;11.4309;78.9992;-0.3295
1047;12.8593;78.9985;-0.3143
1048;14.2898;78.9962;-0.3044
1049;15.7172;78.9968;-0.2902
1050;17.1458;78.9941;-0.2788
1051;18.5652;78.9881;-0.2626
1052;19.9691;78.9757;-0.2492
1053;21.3461;78.9521;-0.2356
1054;0.9236;77.7768;-0.4384
1055;2.1897;77.7903;-0.4270
1056;3.5954;77.7958;-0.4164
1057;5.0186;77.7938;-0.4056
1058;6.4413;77.7918;-0.3827
1059;7.8652;77.7909;-0.3687
1060;9.2914;77.7913;-0.3604
1061;10.7158;77.7889;-0.3486
1062;12.1409;77.7874;-0.3273
1063;13.5683;77.7844;-0.3086
1064;15.0007;77.7837;-0.3089
1065;16.4301;77.7813;-0.2930
1066;17.8586;77.7771;-0.2789
1067;19.2893;77.7721;-0.2706
1068;20.7423;77.7893;-0.2586
1069;1.3433;76.5187;-0.4375
1070;2.8478;76.5858;-0.4288
1071;4.2969;76.5897;-0.4181
1072;5.7241;76.5871;-0.3934
1073;7.1491;76.5841;-0.3839
1074;8.5730;76.5816;-0.3711
1075;9.9989;76.5810;-0.3601
1076;11.4248;76.5775;-0.3437
1077;12.8532;76.5762;-0.3335
1078;14.2806;76.5737;-0.3172
1079;15.7110;76.5713;-0.3081
1080;17.1378;76.5672;-0.2924
1081;18.5578;76.5617;-0.2798
1082;19.9493;76.5553;-0.2759
1083;21.2261;76.6471;-0.2554
1084;0.9753;75.2149;-0.4427
1085;2.2310;75.3581;-0.4295
1086;3.6090;75.3808;-0.4231
1087;5.0162;75.3802;-0.4023
1088;6.4358;75.3769;-0.3916
1089;7.8604;75.3733;-0.3914
1090;9.2822;75.3720;-0.3758
1091;10.7088;75.3684;-0.3598
1092;12.1336;75.3661;-0.3389
1093;13.5620;75.3642;-0.3305
1094;14.9902;75.3623;-0.3087
1095;16.4224;75.3582;-0.2997
1096;17.8606;75.3541;-0.2864
1097;19.3182;75.3529;-0.2745
1098;20.8474;75.3655;-0.2626
1099;1.4417;74.0979;-0.4363
1100;2.8810;74.1595;-0.4204
1101;4.3007;74.1707;-0.4148
1102;5.7190;74.1695;-0.3983
1103;7.1421;74.1668;-0.3923
1104;8.5686;74.1633;-0.3916
1105;9.9905;74.1608;-0.3725
1106;11.4163;74.1579;-0.3529
1107;12.8447;74.1544;-0.3428
1108;14.2735;74.1524;-0.3269
1109;15.7014;74.1492;-0.3140
1110;17.1306;74.1442;-0.2918
1111;18.5539;74.1432;-0.2789
1112;19.9522;74.1559;-0.2658
1113;21.2449;74.0762;-0.2586
1114;0.8312;72.9064;-0.4491
1115;2.2023;72.9466;-0.4339
1116;3.5994;72.9603;-0.4224
1117;5.0095;72.9621;-0.4158
1118;6.4281;72.9605;-0.3996
1119;7.8499;72.9550;-0.3948
1120;9.2751;72.9518;-0.3859
1121;10.6998;72.9489;-0.3657
1122;12.1265;72.9472;-0.3522
1123;13.5537;72.9419;-0.3363
1124;14.9825;72.9399;-0.3221
1125;16.4134;72.9356;-0.3041
1126;17.8477;72.9315;-0.2954
1127;19.2873;72.9291;-0.2876
1128;20.7388;72.9350;-0.2654
1129;1.4285;71.7639;-0.4389
1130;2.8733;71.7500;-0.4279
1131;4.2932;71.7534;-0.4186
1132;5.7150;71.7533;-0.4127
1133;7.1355;71.7484;-0.4030
1134;8.5577;71.7437;-0.3871
1135;9.9815;71.7404;-0.3703
1136;11.4076;71.7360;-0.3568
1137;12.8374;71.7328;-0.3574
1138;14.2650;71.7295;-0.3335
1139;15.6969;71.7244;-0.3290
1140;17.1241;71.7209;-0.2999
1141;18.5560;71.7154;-0.2927
1142;19.9753;71.7110;-0.2757
1143;21.3355;71.8095;-0.2582
1144;0.9410;70.6211;-0.4479
1145;2.2107;70.5375;-0.4406
1146;3.5910;70.5439;-0.4216
1147;5.0033;70.5452;-0.4226
1148;6.4203;70.5409;-0.4120
1149;7.8420;70.5373;-0.4005
1150;9.2668;70.5322;-0.3865
1151;10.6897;70.5297;-0.3657
1152;12.1170;70.5232;-0.3581
1153;13.5459;70.5185;-0.3481
1154;14.9777;70.5148;-0.3373
1155;16.4082;70.5109;-0.3198
1156;17.8436;70.5068;-0.3017
1157;19.2946;70.5038;-0.2827
1158;20.7848;70.5030;-0.2631
1159;1.3160;69.3470;-0.4542
1160;2.8321;69.3415;-0.4404
1161;4.2752;69.3390;-0.4278
1162;5.7016;69.3353;-0.4104
1163;7.1239;69.3294;-0.4028
1164;8.5503;69.3238;-0.3989
1165;9.9749;69.3219;-0.3797
1166;11.4001;69.3165;-0.3671
1167;12.8281;69.3110;-0.3549
1168;14.2568;69.3052;-0.3442
1169;15.6872;69.3019;-0.3303
1170;17.1191;69.2968;-0.3149
1171;18.5524;69.2930;-0.3088
1172;19.9716;69.2940;-0.2845
1173;21.3319;69.1994;-0.2701
1174;0.9252;68.0590;-0.4634
1175;2.2005;68.1508;-0.4491
1176;3.5852;68.1355;-0.4437
1177;4.9943;68.1290;-0.4321
1178;6.4128;68.1241;-0.4187
1179;7.8359;68.1190;-0.4101
1180;9.2579;68.1146;-0.3923
1181;10.6852;68.1079;-0.3834
1182;12.1110;68.1040;-0.3689
1183;13.5397;68.0973;-0.3564
1184;14.9686;68.0919;-0.3388
1185;16.4005;68.0867;-0.3345
1186;17.8344;68.0813;-0.3175
1187;19.2738;68.0752;-0.3002
1188;20.7287;68.0677;-0.2801
1189;1.4242;66.9297;-0.4610
1190;2.8552;66.9293;-0.4436
1191;4.2759;66.9236;-0.4369
1192;5.6964;66.9190;-0.4291
1193;7.1219;66.9125;-0.4235
1194;8.5420;66.9060;-0.4019
1195;9.9682;66.9020;-0.3938
1196;11.3966;66.8941;-0.3932
1197;12.8205;66.8897;-0.3657
1198;14.2504;66.8828;-0.3480
1199;15.6798;66.8779;-0.3410
1200;17.1088;66.8712;-0.3261
1201;18.5345;66.8627;-0.3081
1202;19.9366;66.8437;-0.2978
1203;21.2356;66.9300;-0.2738
1204;0.8336;65.8048;-0.4708
1205;2.1695;65.7162;-0.4547
1206;3.5693;65.7169;-0.4445
1207;4.9828;65.7125;-0.4333
1208;6.4023;65.7073;-0.4169
1209;7.8266;65.7003;-0.4214
1210;9.2513;65.6944;-0.4110
1211;10.6767;65.6892;-0.3969
1212;12.1024;65.6806;-0.3686
1213;13.5338;65.6748;-0.3705
1214;14.9607;65.6688;-0.3534
1215;16.3936;65.6626;-0.3350
1216;17.8333;65.6572;-0.3165
1217;19.2948;65.6477;-0.2982
1218;20.8379;65.6395;-0.2883
1219;1.3662;64.5133;-0.4666
1220;2.8322;64.5130;-0.4603
1221;4.2648;64.5075;-0.4572
1222;5.6898;64.5023;-0.4520
1223;7.1111;64.4951;-0.4249
1224;8.5334;64.4890;-0.4110
1225;9.9606;64.4813;-0.4084
1226;11.3853;64.4745;-0.3904
1227;12.8139;64.4685;-0.3725
1228;14.2453;64.4598;-0.3725
1229;15.6726;64.4539;-0.3503
1230;17.1010;64.4481;-0.3290
1231;18.5270;64.4428;-0.3179
1232;19.9268;64.4435;-0.2912
1233;21.2201;64.3538;-0.2779
1234;0.8305;63.2087;-0.4793
1235;2.1647;63.3111;-0.4692
1236;3.5637;63.3057;-0.4684
1237;4.9788;63.2981;-0.4579
1238;6.3956;63.2914;-0.4323
1239;7.8163;63.2840;-0.4166
1240;9.2462;63.2761;-0.4217
1241;10.6687;63.2682;-0.4038
1242;12.0970;63.2610;-0.3926
1243;13.5233;63.2542;-0.3678
1244;14.9522;63.2446;-0.3526
1245;16.3839;63.2386;-0.3414
1246;17.8184;63.2328;-0.3276
1247;19.2547;63.2274;-0.3000
1248;20.7194;63.2066;-0.2879
1249;1.4165;62.0908;-0.4867
1250;2.8464;62.0990;-0.4753
1251;4.2635;62.0943;-0.4545
1252;5.6846;62.0867;-0.4498
1253;7.1025;62.0787;-0.4308
1254;8.5259;62.0697;-0.4165
1255;9.9528;62.0633;-0.4126
1256;11.3760;62.0546;-0.3912
1257;12.8049;62.0481;-0.3731
1258;14.2324;62.0376;-0.3643
1259;15.6667;62.0311;-0.3700
1260;17.0945;62.0235;-0.3357
1261;18.5217;62.0197;-0.3170
1262;19.9395;62.0195;-0.3074
1263;21.3279;62.0523;-0.2784
1264;0.9197;60.9574;-0.4791
1265;2.1913;60.8768;-0.4824
1266;3.5667;60.8857;-0.4643
1267;4.9735;60.8813;-0.4525
1268;6.3888;60.8756;-0.4380
1269;7.8102;60.8655;-0.4286
1270;9.2332;60.8565;-0.4157
1271;10.6584;60.8486;-0.4006
1272;12.0897;60.8416;-0.3991
1273;13.5161;60.8313;-0.3796
1274;14.9439;60.8248;-0.3583
1275;16.3768;60.8159;-0.3516
1276;17.8109;60.8086;-0.3393
1277;19.2471;60.8086;-0.3146
1278;20.7118;60.8592;-0.2983
1279;1.3139;59.6769;-0.4849
1280;2.8131;59.6843;-0.4715
1281;4.2508;59.6784;-0.4675
1282;5.6703;59.6706;-0.4484
1283;7.0951;59.6608;-0.4460
1284;8.5186;59.6516;-0.4309
1285;9.9440;59.6431;-0.4222
1286;11.3704;59.6347;-0.4054
1287;12.8006;59.6234;-0.4090
1288;14.2275;59.6164;-0.3789
1289;15.6576;59.6083;-0.3654
1290;17.0846;59.5989;-0.3388
1291;18.5098;59.5893;-0.3186
1292;19.9088;59.6027;-0.3091
1293;21.1874;59.7381;-0.2916
1294;0.9545;58.4034;-0.5004
1295;2.1975;58.4857;-0.4841
1296;3.5653;58.4786;-0.4736
1297;4.9674;58.4657;-0.4603
1298;6.3844;58.4570;-0.4539
1299;7.8050;58.4462;-0.4464
1300;9.2278;58.4371;-0.4263
1301;10.6553;58.4279;-0.4216
1302;12.0790;58.4198;-0.3956
1303;13.5077;58.4089;-0.3897
1304;14.9403;58.4013;-0.3807
1305;16.3686;58.3916;-0.3472
1306;17.8139;58.3816;-0.3335
1307;19.2816;58.3767;-0.3210
1308;20.8122;58.4325;-0.3077
1309;1.4164;57.2587;-0.4956
1310;2.8441;57.2713;-0.4835
1311;4.2548;57.2623;-0.4705
1312;5.6709;57.2534;-0.4654
1313;7.0891;57.2440;-0.4452
1314;8.5138;57.2343;-0.4406
1315;9.9392;57.2229;-0.4363
1316;11.3604;57.2147;-0.4045
1317;12.7888;57.2043;-0.3937
1318;14.2187;57.1951;-0.3790
1319;15.6461;57.1850;-0.3546
1320;17.0818;57.1748;-0.3368
1321;18.5227;57.1670;-0.3315
1322;19.9529;57.1637;-0.3229
1323;21.2447;57.1650;-0.3180
1324;0.8231;56.1064;-0.5001
1325;2.1757;56.0758;-0.4972
1326;3.5585;56.0604;-0.4828
1327;4.9615;56.0502;-0.4697
1328;6.3782;56.0412;-0.4650
1329;7.7999;56.0307;-0.4565
1330;9.2228;56.0197;-0.4430
1331;10.6442;56.0082;-0.4193
1332;12.0709;55.9984;-0.4006
1333;13.4994;55.9868;-0.3936
1334;14.9288;55.9772;-0.3742
1335;16.3634;55.9676;-0.3536
1336;17.8070;55.9617;-0.3379
1337;19.2808;55.9514;-0.3277
1338;20.8185;55.8955;-0.3136
1339;1.4165;54.9220;-0.5106
1340;2.8420;54.8642;-0.4954
1341;4.2511;54.8456;-0.4823
1342;5.6608;54.8363;-0.4547
1343;7.0829;54.8279;-0.4660
1344;8.5040;54.8165;-0.4507
1345;9.9241;54.8045;-0.4136
1346;11.3537;54.7934;-0.4133
1347;12.7835;54.7819;-0.4037
1348;14.2105;54.7699;-0.3927
1349;15.6387;54.7628;-0.3603
1350;17.0711;54.7534;-0.3453
1351;18.5008;54.7444;-0.3387
1352;19.9076;54.7213;-0.3293
1353;21.1962;54.5900;-0.3242
1354;0.9576;53.8008;-0.5135
1355;2.1947;53.6698;-0.5066
1356;3.5534;53.6412;-0.4870
1357;4.9524;53.6304;-0.4682
1358;6.3665;53.6230;-0.4563
1359;7.7861;53.6131;-0.4455
1360;9.2143;53.5991;-0.4474
1361;10.6369;53.5887;-0.4301
1362;12.0618;53.5767;-0.4027
1363;13.4927;53.5659;-0.3967
1364;14.9214;53.5557;-0.3769
1365;16.3534;53.5450;-0.3599
1366;17.7876;53.5335;-0.3455
1367;19.2366;53.5130;-0.3511
1368;20.7053;53.4603;-0.3246
1369;1.3164;52.5100;-0.5092
1370;2.7941;52.4459;-0.4988
1371;4.2278;52.4292;-0.4874
1372;5.6498;52.4190;-0.4757
1373;7.0743;52.4094;-0.4714
1374;8.4981;52.3963;-0.4597
1375;9.9218;52.3849;-0.4446
1376;11.3464;52.3735;-0.4263
1377;12.7752;52.3623;-0.4150
1378;14.2056;52.3489;-0.3983
1379;15.6334;52.3383;-0.3730
1380;17.0643;52.3261;-0.3563
1381;18.5001;52.3125;-0.3568
1382;19.9242;52.2935;-0.3499
1383;21.3281;52.2762;-0.3233
1384;0.8984;51.2557;-0.5142
1385;2.1466;51.2454;-0.5198
1386;3.5336;51.2307;-0.5075
1387;4.9378;51.2190;-0.4761
1388;6.3628;51.2077;-0.4863
1389;7.7855;51.1937;-0.4838
1390;9.2030;51.1816;-0.4488
1391;10.6313;51.1702;-0.4374
1392;12.0593;51.1571;-0.4283
1393;13.4879;51.1442;-0.4163
1394;14.9151;51.1323;-0.3953
1395;16.3442;51.1206;-0.3611
1396;17.7808;51.1078;-0.3463
1397;19.2301;51.0936;-0.3501
1398;20.7100;51.1128;-0.3503
1399;1.3140;49.9954;-0.5165
1400;2.7908;50.0318;-0.5084
1401;4.2208;50.0195;-0.4890
1402;5.6433;50.0062;-0.4840
1403;7.0675;49.9919;-0.4786
1404;8.4892;49.9792;-0.4608
1405;9.9116;49.9671;-0.4330
1406;11.3430;49.9519;-0.4458
1407;12.7669;49.9411;-0.4146
1408;14.1962;49.9287;-0.4032
1409;15.6259;49.9163;-0.3841
1410;17.0569;49.9015;-0.3626
1411;18.4885;49.8858;-0.3547
1412;19.9037;49.8754;-0.3580
1413;21.2002;49.9785;-0.3400
1414;0.9598;48.7047;-0.5363
1415;2.1888;48.8146;-0.5249
1416;3.5448;48.8176;-0.5068
1417;4.9400;48.8047;-0.4871
1418;6.3539;48.7909;-0.4771
1419;7.7740;48.7782;-0.4663
1420;9.1967;48.7643;-0.4470
1421;10.6214;48.7512;-0.4367
1422;12.0503;48.7377;-0.4297
1423;13.4806;48.7238;-0.4246
1424;14.9105;48.7106;-0.4122
1425;16.3429;48.6980;-0.3806
1426;17.7875;48.6827;-0.3620
1427;19.2582;48.6772;-0.3406
1428;20.8143;48.6928;-0.3346
1429;1.4117;47.5713;-0.5328
1430;2.8270;47.6065;-0.5126
1431;4.2350;47.6011;-0.5218
1432;5.6461;47.5884;-0.5060
1433;7.0602;47.5757;-0.4794
1434;8.4818;47.5614;-0.4669
1435;9.9068;47.5476;-0.4534
1436;11.3323;47.5321;-0.4391
1437;12.7604;47.5199;-0.4240
1438;14.1915;47.5062;-0.4193
1439;15.6210;47.4924;-0.3941
1440;17.0545;47.4783;-0.3719
1441;18.4903;47.4697;-0.3535
1442;19.9096;47.4806;-0.3449
1443;21.2216;47.4076;-0.3250
1444;0.8230;46.3935;-0.5389
1445;2.1618;46.4024;-0.5308
1446;3.5383;46.3993;-0.5321
1447;4.9373;46.3872;-0.5150
1448;6.3455;46.3737;-0.4784
1449;7.7663;46.3595;-0.4754
1450;9.1934;46.3437;-0.4764
1451;10.6149;46.3288;-0.4585
1452;12.0453;46.3151;-0.4453
1453;13.4725;46.3018;-0.4242
1454;14.9029;46.2876;-0.4107
1455;16.3388;46.2735;-0.3982
1456;17.7758;46.2594;-0.3711
1457;19.2304;46.2515;-0.3482
1458;20.7118;46.2595;-0.3436
1459;1.4066;45.2300;-0.5379
1460;2.8299;45.1971;-0.5641
1461;4.2290;45.1847;-0.5246
1462;5.6355;45.1723;-0.4986
1463;7.0538;45.1590;-0.4885
1464;8.4752;45.1417;-0.4785
1465;9.8998;45.1267;-0.4662
1466;11.3274;45.1105;-0.4548
1467;12.7551;45.0962;-0.4459
1468;14.1826;45.0834;-0.4153
1469;15.6178;45.0694;-0.4144
1470;17.0529;45.0552;-0.3950
1471;18.4926;45.0412;-0.3698
1472;19.9332;45.0317;-0.3541
1473;21.3222;45.1397;-0.3358
1474;0.9486;44.0917;-0.5423
1475;2.1790;43.9937;-0.5421
1476;3.5347;43.9790;-0.5299
1477;4.9286;43.9689;-0.5105
1478;6.3419;43.9570;-0.5005
1479;7.7634;43.9413;-0.4963
1480;9.1824;43.9262;-0.4698
1481;10.6099;43.9115;-0.4661
1482;12.0380;43.8934;-0.4527
1483;13.4669;43.8790;-0.4312
1484;14.8982;43.8641;-0.4271
1485;16.3326;43.8517;-0.4106
1486;17.7742;43.8369;-0.3761
1487;19.2424;43.8252;-0.3624
1488;20.7590;43.8244;-0.3429
1489;1.3041;42.8190;-0.5440
1490;2.7781;42.7793;-0.5344
1491;4.2067;42.7695;-0.5268
1492;5.6266;42.7563;-0.5199
1493;7.0441;42.7402;-0.4899
1494;8.4682;42.7246;-0.4803
1495;9.8919;42.7095;-0.4659
1496;11.3229;42.6926;-0.4765
1497;12.7477;42.6777;-0.4504
1498;14.1810;42.6597;-0.4475
1499;15.6094;42.6461;-0.4206
1500;17.0448;42.6317;-0.3926
1501;18.4876;42.6183;-0.3778
1502;19.9280;42.6134;-0.3614
1503;21.3153;42.5257;-0.3348
1504;0.9238;41.5742;-0.5575
1505;2.1418;41.5742;-0.5426
1506;3.5150;41.5702;-0.5394
1507;4.9213;41.5561;-0.5378
1508;6.3321;41.5409;-0.5080
1509;7.7522;41.5241;-0.4908
1510;9.1781;41.5079;-0.4894
1511;10.6036;41.4918;-0.4789
1512;12.0311;41.4748;-0.4581
1513;13.4588;41.4586;-0.4507
1514;14.8888;41.4416;-0.4400
1515;16.3223;41.4269;-0.4018
1516;17.7672;41.4121;-0.3978
1517;19.2216;41.3957;-0.3814
1518;20.6976;41.3864;-0.3541
1519;1.3140;40.3125;-0.5494
1520;2.7798;40.3673;-0.5489
1521;4.2004;40.3577;-0.5258
1522;5.6202;40.3415;-0.5216
1523;7.0371;40.3258;-0.5041
1524;8.4582;40.3080;-0.4913
1525;9.8914;40.2908;-0.5025
1526;11.3131;40.2738;-0.4663
1527;12.7406;40.2563;-0.4508
1528;14.1699;40.2391;-0.4537
1529;15.6016;40.2229;-0.4269
1530;17.0362;40.2068;-0.4073
1531;18.4733;40.1893;-0.3920
1532;19.8966;40.1586;-0.3687
1533;21.2208;40.2536;-0.3544
1534;0.9547;39.0124;-0.5434
1535;2.1756;39.1439;-0.5481
1536;3.5238;39.1582;-0.5431
1537;4.9180;39.1430;-0.5354
1538;6.3276;39.1260;-0.5121
1539;7.7438;39.1087;-0.4920
1540;9.1706;39.0902;-0.4909
1541;10.5953;39.0731;-0.4776
1542;12.0225;39.0550;-0.4624
1543;13.4510;39.0396;-0.4483
1544;14.8821;39.0222;-0.4361
1545;16.3140;39.0055;-0.4071
1546;17.7614;38.9921;-0.4075
1547;19.2403;38.9798;-0.3853
1548;20.8227;38.9485;-0.3728
1549;1.3998;37.8884;-0.5426
1550;2.8088;37.9437;-0.5470
1551;4.2091;37.9423;-0.5450
1552;5.6146;37.9259;-0.5202
1553;7.0316;37.9087;-0.5126
1554;8.4548;37.8933;-0.4996
1555;9.8774;37.8738;-0.4859
1556;11.3071;37.8559;-0.4781
1557;12.7345;37.8375;-0.4729
1558;14.1631;37.8191;-0.4527
1559;15.5923;37.8023;-0.4293
1560;17.0226;37.7906;-0.4169
1561;18.4463;37.7884;-0.4030
1562;19.8494;37.7929;-0.3846
1563;21.1726;37.6104;-0.3786
1564;0.8167;36.6820;-0.5663
1565;2.1429;36.7351;-0.5443
1566;3.5117;36.7390;-0.5419
1567;4.9126;36.7261;-0.5456
1568;6.3227;36.7087;-0.5283
1569;7.7402;36.6915;-0.5194
1570;9.1610;36.6742;-0.4895
1571;10.5870;36.6559;-0.4762
1572;12.0158;36.6370;-0.4685
1573;13.4457;36.6168;-0.4648
1574;14.8771;36.6002;-0.4607
1575;16.3008;36.5836;-0.4388
1576;17.7073;36.5745;-0.4079
1577;19.0681;36.5689;-0.3940
1578;20.3199;36.5054;-0.3800
1579;21.4261;36.3433;-0.3804
1580;1.3956;35.5571;-0.5601
1581;2.8018;35.5351;-0.5657
1582;4.2029;35.5236;-0.5604
1583;5.6097;35.5083;-0.5353
1584;7.0265;35.4918;-0.5205
1585;8.4461;35.4742;-0.5011
1586;9.8710;35.4545;-0.4963
1587;11.3003;35.4373;-0.4939
1588;12.7252;35.4177;-0.4688
1589;14.1557;35.3988;-0.4545
1590;15.5854;35.3818;-0.4525
1591;16.9982;35.3633;-0.4214
1592;18.3827;35.3484;-0.4022
1593;19.7054;35.3173;-0.3852
1594;20.9862;35.2410;-0.3727
1595;0.9035;34.4503;-0.5643
1596;2.1487;34.3318;-0.5681
1597;3.5116;34.3245;-0.5723
1598;4.9017;34.3100;-0.5431
1599;6.3137;34.2931;-0.5278
1600;7.7311;34.2755;-0.5083
1601;9.1555;34.2551;-0.5087
1602;10.5838;34.2349;-0.5113
1603;12.0106;34.2186;-0.4913
1604;13.4360;34.1984;-0.4679
1605;14.8639;34.1800;-0.4487
1606;16.2874;34.1620;-0.4347
1607;17.6879;34.1412;-0.4162
1608;19.0362;34.1153;-0.3964
1609;20.3041;34.0915;-0.3758
1610;21.5020;34.0581;-0.3829
1611;1.2830;33.1575;-0.5792
1612;2.7623;33.1335;-0.5788
1613;4.1822;33.1142;-0.5541
1614;5.5972;33.0962;-0.5356
1615;7.0147;33.0785;-0.5275
1616;8.4390;33.0590;-0.5195
1617;9.8630;33.0381;-0.5087
1618;11.2891;33.0199;-0.4831
1619;12.7249;32.9973;-0.4945
1620;14.1516;32.9790;-0.4886
1621;15.5721;32.9599;-0.4490
1622;16.9874;32.9392;-0.4293
1623;18.3743;32.9119;-0.4177
1624;19.7059;32.8895;-0.4033
1625;20.9936;32.9019;-0.3862
1626;0.9356;31.9005;-0.5760
1627;2.1572;31.9481;-0.5867
1628;3.5033;31.9223;-0.5773
1629;4.8938;31.8988;-0.5541
1630;6.3077;31.8785;-0.5520
1631;7.7259;31.8582;-0.5418
1632;9.1490;31.8413;-0.5241
1633;10.5740;31.8206;-0.5094
1634;12.0011;31.7998;-0.4934
1635;13.4339;31.7819;-0.4937
1636;14.8608;31.7586;-0.4795
1637;16.2803;31.7373;-0.4467
1638;17.6827;31.7125;-0.4293
1639;19.0372;31.6848;-0.4102
1640;20.3000;31.6738;-0.4013
1641;21.3934;31.7271;-0.3837
1642;1.3872;30.7414;-0.5855
1643;2.7896;30.7274;-0.5757
1644;4.1861;30.7043;-0.5609
1645;5.5938;30.6833;-0.5509
1646;7.0117;30.6634;-0.5517
1647;8.4316;30.6420;-0.5325
1648;9.8548;30.6232;-0.5020
1649;11.2870;30.5998;-0.5138
1650;12.7118;30.5799;-0.4968
1651;14.1466;30.5582;-0.5019
1652;15.5664;30.5376;-0.4571
1653;16.9831;30.5133;-0.4340
1654;18.3801;30.4895;-0.4160
1655;19.7477;30.4628;-0.4130
1656;21.0844;30.4703;-0.3972
1657;0.8153;29.6052;-0.5869
1658;2.1343;29.5425;-0.5950
1659;3.4947;29.5112;-0.5593
1660;4.8910;29.4880;-0.5652
1661;6.2990;29.4677;-0.5524
1662;7.7161;29.4451;-0.5351
1663;9.1396;29.4242;-0.5294
1664;10.5679;29.4036;-0.5165
1665;11.9935;29.3807;-0.4991
1666;13.4246;29.3587;-0.4919
1667;14.8520;29.3365;-0.4769
1668;16.2727;29.3154;-0.4530
1669;17.6795;29.2914;-0.4353
1670;19.0440;29.2677;-0.4097
1671;20.3256;29.2396;-0.4049
1672;21.4242;29.2281;-0.3869
1673;1.3897;28.4017;-0.5826
1674;2.7909;28.3220;-0.5923
1675;4.1851;28.2931;-0.5822
1676;5.5903;28.2712;-0.5664
1677;7.0052;28.2488;-0.5500
1678;8.4239;28.2293;-0.5335
1679;9.8522;28.2052;-0.5327
1680;11.2797;28.1812;-0.5271
1681;12.7033;28.1601;-0.4938
1682;14.1345;28.1373;-0.4789
1683;15.5616;28.1158;-0.4642
1684;16.9782;28.0925;-0.4461
1685;18.3734;28.0693;-0.4306
1686;19.7335;28.0432;-0.4243
1687;21.0746;27.9730;-0.4091
1688;0.9462;27.2810;-0.5777
1689;2.1544;27.1375;-0.5750
1690;3.4967;27.0971;-0.5826
1691;4.8823;27.0735;-0.5606
1692;6.2933;27.0533;-0.5571
1693;7.7117;27.0301;-0.5535
1694;9.1307;27.0069;-0.5194
1695;10.5595;26.9854;-0.5259
1696;11.9856;26.9626;-0.5052
1697;13.4162;26.9387;-0.4903
1698;14.8462;26.9153;-0.4847
1699;16.2686;26.8930;-0.4661
1700;17.6707;26.8695;-0.4541
1701;19.0194;26.8475;-0.4317
1702;20.2725;26.8218;-0.4289
1703;21.3701;26.6799;-0.3934
1704;1.2965;25.9847;-0.5967
1705;2.7453;25.9077;-0.5782
1706;4.1622;25.8774;-0.5676
1707;5.5788;25.8543;-0.5611
1708;6.9974;25.8331;-0.5647
1709;8.4150;25.8105;-0.5353
1710;9.8441;25.7862;-0.5417
1711;11.2732;25.7644;-0.5347
1712;12.7040;25.7376;-0.5302
1713;14.1336;25.7153;-0.5148
1714;15.5553;25.6927;-0.4836
1715;16.9687;25.6678;-0.4605
1716;18.3497;25.6413;-0.4421
1717;19.6673;25.6189;-0.4149
1718;20.9344;25.6028;-0.4080
1719;0.9060;24.7275;-0.6088
1720;2.1154;24.7167;-0.5985
1721;3.4742;24.6847;-0.5881
1722;4.8742;24.6597;-0.5900
1723;6.2887;24.6373;-0.5871
1724;7.7047;24.6129;-0.5575
1725;9.1253;24.5888;-0.5331
1726;10.5548;24.5688;-0.5381
1727;11.9853;24.5415;-0.5441
1728;13.4114;24.5175;-0.5102
1729;14.8436;24.4921;-0.5090
1730;16.2635;24.4674;-0.4826
1731;17.6601;24.4392;-0.4606
1732;19.0044;24.4102;-0.4387
1733;20.2502;24.3978;-0.4134
1734;21.3615;24.5362;-0.3895
1735;1.2994;23.4809;-0.6205
1736;2.7420;23.4948;-0.5927
1737;4.1563;23.4667;-0.5880
1738;5.5758;23.4416;-0.6013
1739;6.9908;23.4186;-0.5650
1740;8.4117;23.3921;-0.5495
1741;9.8358;23.3694;-0.5360
1742;11.2647;23.3482;-0.5307
1743;12.6945;23.3212;-0.5243
1744;14.1258;23.2952;-0.5217
1745;15.5482;23.2729;-0.4773
1746;16.9658;23.2437;-0.4630
1747;18.3583;23.2119;-0.4443
1748;19.7129;23.1890;-0.4245
1749;21.0585;23.2471;-0.4040
1750;0.9487;22.2126;-0.6291
1751;2.1516;22.2880;-0.6108
1752;3.4827;22.2742;-0.5798
1753;4.8724;22.2469;-0.5930
1754;6.2812;22.2218;-0.5828
1755;7.6991;22.1977;-0.5669
1756;9.1228;22.1717;-0.5758
1757;10.5484;22.1481;-0.5404
1758;11.9754;22.1240;-0.5236
1759;13.4044;22.0987;-0.5037
1760;14.8334;22.0722;-0.4948
1761;16.2557;22.0467;-0.4779
1762;17.6624;22.0171;-0.4579
1763;19.0319;21.9870;-0.4447
1764;20.3157;21.9840;-0.4247
1765;21.4217;21.9882;-0.4074
1766;1.3891;21.0632;-0.6220
1767;2.7747;21.0719;-0.5915
1768;4.1672;21.0517;-0.5997
1769;5.5742;21.0251;-0.5964
1770;6.9867;21.0023;-0.5675
1771;8.4086;20.9757;-0.5647
1772;9.8348;20.9495;-0.5735
1773;11.2615;20.9274;-0.5440
1774;12.6889;20.9019;-0.5254
1775;14.1186;20.8756;-0.5106
1776;15.5479;20.8478;-0.5016
1777;16.9648;20.8206;-0.4763
1778;18.3667;20.7920;-0.4599
1779;19.7350;20.7690;-0.4255
1780;21.0850;20.7501;-0.4128
1781;0.8185;19.9004;-0.6196
1782;2.1258;19.8789;-0.6120
1783;3.4795;19.8547;-0.6061
1784;4.8687;19.8306;-0.6010
1785;6.2745;19.8084;-0.5766
1786;7.6901;19.7834;-0.5613
1787;9.1187;19.7547;-0.5591
1788;10.5462;19.7297;-0.5542
1789;11.9748;19.7038;-0.5515
1790;13.4039;19.6783;-0.5353
1791;14.8291;19.6525;-0.5077
1792;16.2553;19.6239;-0.4957
1793;17.6606;19.5993;-0.4628
1794;19.0260;19.5710;-0.4504
1795;20.3074;19.5320;-0.4253
1796;21.4109;19.4923;-0.4152
1797;1.3878;18.7213;-0.6279
1798;2.7737;18.6648;-0.6084
1799;4.1621;18.6375;-0.5925
1800;5.5674;18.6118;-0.5944
1801;6.9808;18.5874;-0.5828
1802;8.4035;18.5615;-0.5735
1803;9.8283;18.5335;-0.5606
1804;11.2528;18.5069;-0.5398
1805;12.6879;18.4817;-0.5421
1806;14.1152;18.4547;-0.5315
1807;15.5384;18.4269;-0.4968
1808;16.9586;18.4011;-0.4838
1809;18.3510;18.3742;-0.4542
1810;19.7083;18.3454;-0.4396
1811;21.0564;18.2482;-0.4189
1812;0.9462;17.5879;-0.6317
1813;2.1478;17.4743;-0.6206
1814;3.4790;17.4392;-0.6151
1815;4.8650;17.4164;-0.6028
1816;6.2698;17.3933;-0.5789
1817;7.6878;17.3655;-0.5794
1818;9.1127;17.3384;-0.5633
1819;10.5345;17.3121;-0.5473
1820;11.9654;17.2864;-0.5406
1821;13.3974;17.2565;-0.5397
1822;14.8238;17.2307;-0.5067
1823;16.2450;17.2036;-0.4847
1824;17.6503;17.1747;-0.4844
1825;18.9968;17.1486;-0.4549
1826;20.2465;17.1241;-0.4205
1827;21.3674;16.9418;-0.4136
1828;1.2941;16.3126;-0.6282
1829;2.7332;16.2487;-0.6185
1830;4.1443;16.2226;-0.6059
1831;5.5592;16.1984;-0.6089
1832;6.9741;16.1728;-0.5899
1833;8.3966;16.1445;-0.5820
1834;9.8238;16.1184;-0.5660
1835;11.2510;16.0902;-0.5633
1836;12.6814;16.0626;-0.5482
1837;14.1063;16.0352;-0.5181
1838;15.5329;16.0077;-0.5014
1839;16.9530;15.9754;-0.5039
1840;18.3343;15.9445;-0.4715
1841;19.6523;15.9187;-0.4297
1842;20.9156;15.9137;-0.4100
1843;0.9085;15.0822;-0.6280
1844;2.1053;15.0541;-0.6209
1845;3.4572;15.0321;-0.6104
1846;4.8533;15.0047;-0.6101
1847;6.2610;14.9799;-0.5905
1848;7.6846;14.9499;-0.5997
1849;9.1078;14.9234;-0.5854
1850;10.5352;14.8965;-0.5747
1851;11.9631;14.8685;-0.5518
1852;13.3915;14.8407;-0.5401
1853;14.8203;14.8106;-0.5221
1854;16.2425;14.7804;-0.5068
1855;17.6447;14.7483;-0.4844
1856;18.9956;14.7152;-0.4415
1857;20.2670;14.6998;-0.4273
1858;21.4103;14.9002;-0.4239
1859;1.2947;13.8137;-0.6288
1860;2.7319;13.8380;-0.6209
1861;4.1442;13.8148;-0.6272
1862;5.5513;13.7852;-0.6053
1863;6.9685;13.7592;-0.5988
1864;8.3920;13.7293;-0.5877
1865;9.8169;13.6996;-0.5732
1866;11.2444;13.6722;-0.5579
1867;12.6735;13.6438;-0.5533
1868;14.1043;13.6131;-0.5464
1869;15.5311;13.5850;-0.5168
1870;16.9484;13.5553;-0.4914
1871;18.3419;13.5225;-0.4526
1872;19.7120;13.4954;-0.4376
1873;21.0813;13.5510;-0.4247
1874;0.9525;12.5249;-0.6333
1875;2.1425;12.6279;-0.6241
1876;3.4774;12.6183;-0.6571
1877;4.8604;12.5900;-0.6532
1878;6.2623;12.5628;-0.6108
1879;7.6799;12.5373;-0.5978
1880;9.1060;12.5052;-0.6066
1881;10.5285;12.4798;-0.5683
1882;11.9580;12.4486;-0.5664
1883;13.3844;12.4200;-0.5446
1884;14.8084;12.3946;-0.5066
1885;16.2335;12.3631;-0.4913
1886;17.6420;12.3297;-0.4686
1887;19.0141;12.2995;-0.4521
1888;20.3082;12.2915;-0.4345
1889;21.4140;12.2948;-0.4194
1890;1.3862;11.3858;-0.6497
1891;2.7688;11.4154;-0.6369
1892;4.1564;11.3973;-0.6435
1893;5.5540;11.3714;-0.6281
1894;6.9652;11.3445;-0.6029
1895;8.3877;11.3143;-0.5982
1896;9.8148;11.2844;-0.5994
1897;11.2387;11.2562;-0.5640
1898;12.6663;11.2239;-0.5541
1899;14.0902;11.2001;-0.5060
1900;15.5202;11.1687;-0.5054
1901;16.9418;11.1343;-0.4878
1902;18.3444;11.1056;-0.4681
1903;19.7186;11.0809;-0.4452
1904;21.0788;11.0387;-0.4272
1905;0.8200;10.1959;-0.6578
1906;2.1221;10.2168;-0.6672
1907;3.4688;10.2023;-0.6571
1908;4.8470;10.1779;-0.6211
1909;6.2517;10.1531;-0.5985
1910;7.6699;10.1229;-0.5895
1911;9.1011;10.0908;-0.6092
1912;10.5236;10.0627;-0.5833
1913;11.9491;10.0308;-0.5677
1914;13.3697;10.0046;-0.5111
1915;14.8011;9.9744;-0.4996
1916;16.2315;9.9410;-0.5060
1917;17.6365;9.9095;-0.4788
1918;19.0009;9.8806;-0.4668
1919;20.2744;9.8512;-0.4393
1920;21.3869;9.7625;-0.4170
1921;1.3821;9.0521;-0.6510
1922;2.7672;9.0090;-0.6700
1923;4.1469;8.9864;-0.6417
1924;5.5423;8.9585;-0.6007
1925;6.9581;8.9275;-0.6024
1926;8.3801;8.8999;-0.5920
1927;9.8058;8.8708;-0.5806
1928;11.2318;8.8393;-0.5679
1929;12.6535;8.8114;-0.5176
1930;14.0796;8.7809;-0.4880
1931;15.5157;8.7469;-0.5120
1932;16.9352;8.7144;-0.4949
1933;18.3274;8.6822;-0.4739
1934;19.6741;8.6515;-0.4476
1935;20.9874;8.5992;-0.4302
1936;0.9298;7.9130;-0.6695
1937;2.1319;7.8176;-0.6714
1938;3.4669;7.7906;-0.6685
1939;4.8443;7.7670;-0.6338
1940;6.2488;7.7380;-0.6148
1941;7.6662;7.7072;-0.6113
1942;9.0897;7.6767;-0.5878
1943;10.5151;7.6467;-0.5736
1944;11.9366;7.6178;-0.5287
1945;13.3590;7.5901;-0.4867
1946;14.7986;7.5536;-0.5130
1947;16.2246;7.5199;-0.5079
1948;17.6307;7.4863;-0.4869
1949;18.9929;7.4547;-0.4622
1950;20.2862;7.4278;-0.4437
1951;21.4998;7.4056;-0.4188
1952;1.2754;6.6545;-0.6621
1953;2.7244;6.6092;-0.6644
1954;4.1280;6.5760;-0.6366
1955;5.5379;6.5479;-0.6275
1956;6.9535;6.5163;-0.6159
1957;8.3748;6.4852;-0.5954
1958;9.7999;6.4549;-0.5812
1959;11.2250;6.4227;-0.5656
1960;12.6447;6.3959;-0.5135
1961;14.0754;6.3627;-0.4996
1962;15.5125;6.3266;-0.5198
1963;16.9283;6.2915;-0.4996
1964;18.3228;6.2561;-0.4877
1965;19.6683;6.2287;-0.4589
1966;20.9840;6.2314;-0.4357
1967;0.9326;5.4193;-0.6671
1968;2.1258;5.4317;-0.6598
1969;3.4558;5.3894;-0.6554
1970;4.8400;5.3580;-0.6533
1971;6.2448;5.3248;-0.6354
1972;7.6611;5.2940;-0.6133
1973;9.0871;5.2623;-0.6019
1974;10.5099;5.2308;-0.5783
1975;11.9343;5.1994;-0.5527
1976;13.3567;5.1698;-0.5073
1977;14.7979;5.1342;-0.5378
1978;16.2196;5.1003;-0.5110
1979;17.6296;5.0616;-0.5067
1980;18.9889;5.0260;-0.4666
1981;20.2689;5.0047;-0.4554
1982;21.3905;5.0539;-0.4402
1983;1.3716;4.2437;-0.6649
1984;2.7500;4.2043;-0.6581
1985;4.1352;4.1686;-0.6501
1986;5.5358;4.1355;-0.6406
1987;6.9438;4.1049;-0.6063
1988;8.3709;4.0710;-0.6100
1989;9.7925;4.0406;-0.5869
1990;11.2208;4.0061;-0.5775
1991;12.6453;3.9752;-0.5411
1992;14.0781;3.9421;-0.5436
1993;15.5040;3.9087;-0.5217
1994;16.9290;3.8718;-0.5131
1995;18.3312;3.8323;-0.4852
1996;19.7079;3.7996;-0.4665
1997;21.0750;3.7949;-0.4423
1998;0.8244;3.1215;-0.6805
1999;2.1059;3.0279;-0.6662
2000;3.4522;2.9774;-0.6692
2001;4.8331;2.9453;-0.6431
2002;6.2399;2.9141;-0.6365
2003;7.6530;2.8839;-0.6101
2004;9.0795;2.8492;-0.6151
2005;10.5038;2.8152;-0.5909
2006;11.9253;2.7844;-0.5532
2007;13.3559;2.7504;-0.5404
2008;14.7881;2.7163;-0.5367
2009;16.2145;2.6809;-0.5180
2010;17.6244;2.6472;-0.4929
2011;18.9981;2.6108;-0.4758
2012;20.2973;2.5718;-0.4620
2013;21.4259;2.5561;-0.4372
2014;1.3809;1.8988;-0.6801
2015;2.7549;1.8016;-0.6761
2016;4.1329;1.7587;-0.6627
2017;5.5287;1.7265;-0.6349
2018;6.9444;1.6923;-0.6407
2019;8.3638;1.6607;-0.6184
2020;9.7861;1.6272;-0.5913
2021;11.2107;1.5952;-0.5677
2022;12.6369;1.5617;-0.5430
2023;14.0721;1.5266;-0.5484
2024;15.4961;1.4921;-0.5232
2025;16.9197;1.4572;-0.5066
2026;18.3214;1.4216;-0.4835
2027;19.6976;1.3867;-0.4783
2028;21.0669;1.3075;-0.4563
2029;0.9491;0.7979;-0.6771
2030;2.1325;0.6361;-0.6746
2031;3.4533;0.5760;-0.6588
2032;4.8287;0.5379;-0.6510
2033;6.2299;0.5072;-0.6398
2034;7.6484;0.4721;-0.6448
2035;9.0645;0.4404;-0.5985
2036;10.4885;0.4093;-0.5689
2037;11.9167;0.3747;-0.5547
2038;13.3476;0.3392;-0.5474
2039;14.7801;0.3066;-0.5509
2040;16.2034;0.2720;-0.5268
2041;17.6096;0.2357;-0.5000
2042;18.9721;0.2014;-0.4866
2043;20.2442;0.1713;-0.4689
2044;21.3759;0.0203;-0.4488
2045;1.2994;-0.4718;-0.6856
