# Units: length:mm angle:deg time:s force:N 
# Stage: Stufe 312
stage;index;relative_time;date
"Stufe 312";312;730.9622;"2024-02-28T15:35:03.580"
# Name : Analogeingang 0
force;untransformed;transformed
6381.1340;1.5953;6381.1340
# Name : Flächenkomponente 1
id;x;y;z
0;0.1996;139.3039;-0.1005
1;1.6142;139.3190;-0.1112
2;3.0297;139.3334;-0.1208
3;4.4465;139.3477;-0.1302
4;5.8652;139.3621;-0.1415
5;7.2840;139.3778;-0.1546
6;8.7037;139.3929;-0.1661
7;10.1255;139.4086;-0.1800
8;11.5474;139.4217;-0.1885
9;12.9703;139.4378;-0.2004
10;14.3967;139.4531;-0.2116
11;15.8224;139.4673;-0.2243
12;17.2503;139.4817;-0.2356
13;18.6785;139.4969;-0.2469
14;20.1090;139.5115;-0.2612
15;21.5378;139.5260;-0.2718
16;22.3428;138.7281;-0.2717
17;22.3407;137.3325;-0.2717
18;22.3377;135.9383;-0.2686
19;22.3345;134.5431;-0.2643
20;22.3330;133.1484;-0.2637
21;22.3314;131.7543;-0.2628
22;22.3295;130.3590;-0.2634
23;22.3258;128.9640;-0.2591
24;22.3244;127.5688;-0.2570
25;22.3213;126.1737;-0.2510
26;22.3205;124.7801;-0.2530
27;22.3196;123.3850;-0.2531
28;22.3166;121.9902;-0.2504
29;22.3145;120.5946;-0.2455
30;22.3118;119.2000;-0.2443
31;22.3110;117.8049;-0.2434
32;22.3087;116.4116;-0.2413
33;22.3083;115.0153;-0.2400
34;22.3069;113.6214;-0.2398
35;22.3050;112.2261;-0.2384
36;22.3040;110.8322;-0.2350
37;22.3018;109.4369;-0.2323
38;22.3018;108.0415;-0.2321
39;22.3022;106.6470;-0.2316
40;22.2988;105.2521;-0.2283
41;22.2987;103.8573;-0.2306
42;22.2962;102.4622;-0.2246
43;22.2973;101.0670;-0.2267
44;22.2959;99.6718;-0.2243
45;22.2928;98.2765;-0.2105
46;22.2927;96.8812;-0.2090
47;22.2931;95.4861;-0.2146
48;22.2916;94.0902;-0.2124
49;22.2920;92.6961;-0.2103
50;22.2904;91.3005;-0.2072
51;22.2892;89.9057;-0.2047
52;22.2903;88.5101;-0.2042
53;22.2908;87.1153;-0.2084
54;22.2896;85.7208;-0.2045
55;22.2881;84.3260;-0.2026
56;22.2881;82.9313;-0.1995
57;22.2880;81.5354;-0.1956
58;22.2886;80.1392;-0.1968
59;22.2891;78.7459;-0.2002
60;22.2886;77.3507;-0.1947
61;22.2884;75.9556;-0.1930
62;22.2873;74.5604;-0.1874
63;22.2894;73.1682;-0.1866
64;22.2905;71.7714;-0.1894
65;22.2895;70.3758;-0.1869
66;22.2871;68.9822;-0.1830
67;22.2875;67.5876;-0.1753
68;22.2873;66.1922;-0.1739
69;22.2903;64.7966;-0.1817
70;22.2902;63.4033;-0.1795
71;22.2896;62.0098;-0.1697
72;22.2914;60.6150;-0.1710
73;22.2914;59.2195;-0.1754
74;22.2922;57.8238;-0.1745
75;22.2952;56.4295;-0.1770
76;22.2939;55.0345;-0.1732
77;22.2941;53.6403;-0.1671
78;22.2953;52.2446;-0.1636
79;22.2942;50.8506;-0.1636
80;22.2968;49.4561;-0.1690
81;22.2966;48.0629;-0.1610
82;22.2968;46.6663;-0.1599
83;22.2981;45.2714;-0.1607
84;22.2986;43.8779;-0.1583
85;22.3004;42.4832;-0.1572
86;22.3004;41.0893;-0.1474
87;22.3022;39.6948;-0.1545
88;22.3028;38.2984;-0.1495
89;22.3038;36.9056;-0.1500
90;22.3065;35.5111;-0.1598
91;22.3068;34.1185;-0.1496
92;22.3068;32.7247;-0.1425
93;22.3094;31.3287;-0.1450
94;22.3098;29.9344;-0.1443
95;22.3122;28.5419;-0.1446
96;22.3158;27.1471;-0.1483
97;22.3133;25.7537;-0.1330
98;22.3149;24.3599;-0.1326
99;22.3167;22.9656;-0.1339
100;22.3183;21.5718;-0.1331
101;22.3219;20.1782;-0.1363
102;22.3195;18.7851;-0.1227
103;22.3235;17.3908;-0.1276
104;22.3242;15.9995;-0.1256
105;22.3274;14.6051;-0.1279
106;22.3294;13.2106;-0.1259
107;22.3278;11.8185;-0.1111
108;22.3296;10.4244;-0.1153
109;22.3329;9.0302;-0.1169
110;22.3346;7.6353;-0.1133
111;22.3384;6.2408;-0.1189
112;22.3390;4.8492;-0.1134
113;22.3407;3.4555;-0.1109
114;22.3420;2.0623;-0.1089
115;22.3446;0.6688;-0.1078
134;-0.1430;-0.6036;0.0622
135;-0.1444;0.7803;0.0613
136;-0.1458;2.1655;0.0581
137;-0.1487;3.5491;0.0565
138;-0.1511;4.9352;0.0561
139;-0.1499;6.3190;0.0512
140;-0.1509;7.7040;0.0418
141;-0.1561;9.0891;0.0489
142;-0.1582;10.4746;0.0485
143;-0.1597;11.8599;0.0515
144;-0.1604;13.2448;0.0478
145;-0.1613;14.6289;0.0409
146;-0.1650;16.0149;0.0465
147;-0.1670;17.3991;0.0500
148;-0.1682;18.7837;0.0456
149;-0.1690;20.1703;0.0451
150;-0.1684;21.5550;0.0330
151;-0.1706;22.9414;0.0353
152;-0.1722;24.3266;0.0362
153;-0.1735;25.7127;0.0348
154;-0.1748;27.0992;0.0361
155;-0.1752;28.4838;0.0290
156;-0.1771;29.8710;0.0310
157;-0.1793;31.2576;0.0332
158;-0.1799;32.6433;0.0323
159;-0.1809;34.0283;0.0283
160;-0.1811;35.4129;0.0221
161;-0.1818;36.7996;0.0183
162;-0.1853;38.1863;0.0284
163;-0.1867;39.5711;0.0260
164;-0.1867;40.9561;0.0234
165;-0.1866;42.3426;0.0172
166;-0.1872;43.7292;0.0117
167;-0.1894;45.1155;0.0191
168;-0.1917;46.5017;0.0203
169;-0.1920;47.8880;0.0196
170;-0.1904;49.2734;0.0062
171;-0.1908;50.6594;0.0025
172;-0.1916;52.0458;0.0018
173;-0.1945;53.4312;0.0064
174;-0.1944;54.8188;0.0069
175;-0.1945;56.2041;0.0064
176;-0.1941;57.5898;-0.0045
177;-0.1945;58.9779;-0.0040
178;-0.1959;60.3632;-0.0014
179;-0.1969;61.7507;-0.0016
180;-0.1976;63.1368;-0.0022
181;-0.1965;64.5241;-0.0076
182;-0.1963;65.9101;-0.0114
183;-0.1982;67.2954;-0.0081
184;-0.1989;68.6831;-0.0059
185;-0.1991;70.0689;-0.0081
186;-0.1969;71.4560;-0.0197
187;-0.1963;72.8427;-0.0232
188;-0.1980;74.2291;-0.0203
189;-0.1994;75.6155;-0.0129
190;-0.1990;77.0017;-0.0141
191;-0.1979;78.3878;-0.0195
192;-0.1966;79.7748;-0.0253
193;-0.1965;81.1610;-0.0289
194;-0.1980;82.5493;-0.0218
195;-0.1969;83.9339;-0.0233
196;-0.1957;85.3199;-0.0262
197;-0.1944;86.7076;-0.0340
198;-0.1941;88.0946;-0.0347
199;-0.1952;89.4814;-0.0285
200;-0.1945;90.8672;-0.0290
201;-0.1930;92.2547;-0.0336
202;-0.1909;93.6410;-0.0417
203;-0.1901;95.0266;-0.0420
204;-0.1906;96.4127;-0.0354
205;-0.1907;97.7989;-0.0357
206;-0.1879;99.1865;-0.0449
207;-0.1858;100.5734;-0.0517
208;-0.1843;101.9601;-0.0545
209;-0.1838;103.3462;-0.0550
210;-0.1831;104.7325;-0.0504
211;-0.1810;106.1201;-0.0529
212;-0.1787;107.5060;-0.0573
213;-0.1783;108.8918;-0.0588
214;-0.1765;110.2784;-0.0602
215;-0.1756;111.6658;-0.0598
216;-0.1741;113.0518;-0.0591
217;-0.1717;114.4382;-0.0651
218;-0.1698;115.8257;-0.0690
219;-0.1686;117.2117;-0.0681
220;-0.1677;118.5978;-0.0685
221;-0.1661;119.9839;-0.0642
222;-0.1631;121.3703;-0.0702
223;-0.1608;122.7579;-0.0768
224;-0.1601;124.1442;-0.0752
225;-0.1567;125.5307;-0.0771
226;-0.1554;126.9177;-0.0766
227;-0.1535;128.3048;-0.0775
228;-0.1499;129.6913;-0.0824
229;-0.1476;131.0780;-0.0839
230;-0.1465;132.4646;-0.0841
231;-0.1444;133.8504;-0.0827
232;-0.1413;135.2368;-0.0874
233;-0.1389;136.6238;-0.0922
234;-0.1373;138.0097;-0.0916
235;0.9410;138.4543;-0.1067
236;2.1726;138.3484;-0.1136
237;3.5499;138.3891;-0.1226
238;4.9558;138.4069;-0.1342
239;6.3686;138.4233;-0.1442
240;7.7865;138.4397;-0.1568
241;9.2056;138.4551;-0.1711
242;10.6275;138.4718;-0.1819
243;12.0498;138.4868;-0.1913
244;13.4731;138.5038;-0.2003
245;14.8995;138.5204;-0.2160
246;16.3249;138.5359;-0.2268
247;17.7491;138.5537;-0.2377
248;19.1643;138.5741;-0.2523
249;20.5440;138.6499;-0.2664
250;1.1469;137.3289;-0.1043
251;2.6812;137.3671;-0.1154
252;4.1132;137.3894;-0.1284
253;5.5279;137.4034;-0.1373
254;6.9428;137.4203;-0.1497
255;8.3598;137.4361;-0.1608
256;9.7800;137.4533;-0.1749
257;11.2018;137.4711;-0.1860
258;12.6244;137.4866;-0.1958
259;14.0482;137.5039;-0.2061
260;15.4736;137.5210;-0.2180
261;16.8996;137.5393;-0.2318
262;18.3247;137.5592;-0.2400
263;19.7608;137.6080;-0.2554
264;21.2232;137.9124;-0.2697
265;0.8550;136.1312;-0.1008
266;2.0414;136.2854;-0.1099
267;3.3854;136.3045;-0.1217
268;4.7706;136.3183;-0.1318
269;6.1742;136.3339;-0.1423
270;7.5862;136.3502;-0.1548
271;9.0036;136.3664;-0.1639
272;10.4244;136.3859;-0.1790
273;11.8466;136.4020;-0.1884
274;13.2696;136.4191;-0.2002
275;14.6938;136.4362;-0.2102
276;16.1172;136.4534;-0.2223
277;17.5374;136.4730;-0.2344
278;18.9429;136.5046;-0.2453
279;20.3073;136.5917;-0.2586
280;21.4253;136.5993;-0.2665
281;1.3111;135.0775;-0.1031
282;2.6742;135.1574;-0.1152
283;4.0506;135.1795;-0.1279
284;5.4459;135.1963;-0.1376
285;6.8538;135.2128;-0.1476
286;8.2677;135.2297;-0.1550
287;9.6864;135.2470;-0.1671
288;11.1083;135.2643;-0.1819
289;12.5304;135.2819;-0.1958
290;13.9546;135.2992;-0.2044
291;15.3777;135.3166;-0.2143
292;16.7998;135.3347;-0.2263
293;18.2141;135.3582;-0.2393
294;19.6168;135.3941;-0.2490
295;21.0110;135.3678;-0.2608
296;0.7420;133.9128;-0.0946
297;2.0294;133.9750;-0.1103
298;3.3639;134.0043;-0.1211
299;4.7397;134.0245;-0.1315
300;6.1387;134.0415;-0.1427
301;7.5490;134.0583;-0.1510
302;8.9653;134.0761;-0.1610
303;10.3850;134.0932;-0.1725
304;11.8067;134.1101;-0.1852
305;13.2311;134.1274;-0.2001
306;14.6535;134.1451;-0.2101
307;16.0746;134.1611;-0.2191
308;17.4842;134.1801;-0.2305
309;18.8634;134.2025;-0.2434
310;20.1648;134.2034;-0.2519
311;21.3232;134.1055;-0.2612
312;1.3025;132.8108;-0.0991
313;2.6660;132.8111;-0.1131
314;4.0369;132.8329;-0.1247
315;5.4285;132.8509;-0.1343
316;6.8342;132.8689;-0.1450
317;8.2487;132.8865;-0.1579
318;9.6675;132.9034;-0.1686
319;11.0878;132.9194;-0.1784
320;12.5106;132.9359;-0.1932
321;13.9339;132.9530;-0.2029
322;15.3564;132.9697;-0.2133
323;16.7731;132.9859;-0.2236
324;18.1738;133.0011;-0.2369
325;19.5434;133.0093;-0.2482
326;20.8946;132.9729;-0.2548
327;0.8293;131.7132;-0.0941
328;2.0277;131.6067;-0.1049
329;3.3521;131.6282;-0.1156
330;4.7259;131.6487;-0.1285
331;6.1239;131.6677;-0.1388
332;7.5338;131.6853;-0.1513
333;8.9501;131.7022;-0.1609
334;10.3692;131.7175;-0.1712
335;11.7923;131.7333;-0.1844
336;13.2154;131.7495;-0.1974
337;14.6380;131.7660;-0.2066
338;16.0586;131.7814;-0.2171
339;17.4673;131.7963;-0.2288
340;18.8463;131.8070;-0.2413
341;20.1726;131.8113;-0.2489
342;21.4399;131.7855;-0.2605
343;1.1828;130.4313;-0.0946
344;2.6157;130.4288;-0.1079
345;4.0131;130.4438;-0.1196
346;5.4128;130.4609;-0.1318
347;6.8208;130.4783;-0.1462
348;8.2351;130.4946;-0.1545
349;9.6530;130.5102;-0.1666
350;11.0736;130.5266;-0.1790
351;12.4959;130.5426;-0.1859
352;13.9199;130.5586;-0.2009
353;15.3422;130.5735;-0.2121
354;16.7590;130.5875;-0.2216
355;18.1591;130.5991;-0.2320
356;19.5333;130.6090;-0.2431
357;20.8921;130.6347;-0.2538
358;0.8514;129.1785;-0.0903
359;2.0243;129.2379;-0.0988
360;3.3426;129.2411;-0.1121
361;4.7137;129.2541;-0.1230
362;6.1102;129.2702;-0.1342
363;7.5210;129.2859;-0.1474
364;8.9377;129.3015;-0.1600
365;10.3568;129.3167;-0.1693
366;11.7782;129.3324;-0.1801
367;13.2008;129.3470;-0.1910
368;14.6245;129.3629;-0.2040
369;16.0454;129.3774;-0.2156
370;17.4537;129.3881;-0.2243
371;18.8327;129.3969;-0.2378
372;20.1454;129.4072;-0.2475
373;21.3185;129.4771;-0.2536
374;1.2797;128.0212;-0.0932
375;2.6413;128.0345;-0.1044
376;4.0124;128.0448;-0.1168
377;5.4026;128.0603;-0.1264
378;6.8073;128.0762;-0.1381
379;8.2225;128.0915;-0.1519
380;9.6389;128.1065;-0.1599
381;11.0606;128.1215;-0.1734
382;12.4826;128.1368;-0.1829
383;13.9052;128.1516;-0.1943
384;15.3289;128.1661;-0.2102
385;16.7487;128.1786;-0.2202
386;18.1586;128.1888;-0.2300
387;19.5586;128.1973;-0.2403
388;20.9783;128.2225;-0.2500
389;0.7350;126.8781;-0.0888
390;2.0020;126.8407;-0.0991
391;3.3306;126.8389;-0.1106
392;4.7026;126.8511;-0.1209
393;6.0989;126.8660;-0.1334
394;7.5077;126.8818;-0.1453
395;8.9238;126.8946;-0.1523
396;10.3439;126.9111;-0.1680
397;11.7656;126.9256;-0.1805
398;13.1881;126.9398;-0.1896
399;14.6110;126.9548;-0.2009
400;16.0324;126.9685;-0.2125
401;17.4441;126.9803;-0.2240
402;18.8301;126.9923;-0.2333
403;20.1605;126.9907;-0.2420
404;21.3279;126.9859;-0.2519
405;1.2811;125.6835;-0.0927
406;2.6371;125.6390;-0.1039
407;4.0036;125.6425;-0.1130
408;5.3920;125.6573;-0.1256
409;6.7961;125.6713;-0.1364
410;8.2093;125.6857;-0.1479
411;9.6272;125.7006;-0.1555
412;11.0480;125.7150;-0.1738
413;12.4697;125.7290;-0.1813
414;13.8931;125.7428;-0.1934
415;15.3158;125.7566;-0.2059
416;16.7347;125.7687;-0.2154
417;18.1421;125.7828;-0.2284
418;19.5347;125.7925;-0.2368
419;20.9495;125.7331;-0.2478
420;0.8589;124.5551;-0.0887
421;2.0238;124.4452;-0.0984
422;3.3277;124.4324;-0.1086
423;4.6935;124.4462;-0.1204
424;6.0873;124.4612;-0.1285
425;7.4956;124.4755;-0.1386
426;8.9109;124.4889;-0.1494
427;10.3303;124.5038;-0.1628
428;11.7523;124.5181;-0.1751
429;13.1741;124.5313;-0.1861
430;14.5982;124.5435;-0.1945
431;16.0183;124.5571;-0.2067
432;17.4255;124.5701;-0.2197
433;18.7979;124.5838;-0.2315
434;20.1001;124.5882;-0.2414
435;21.2797;124.4386;-0.2522
436;1.1943;123.2830;-0.0906
437;2.5941;123.2305;-0.1010
438;3.9803;123.2366;-0.1119
439;5.3771;123.2509;-0.1250
440;6.7824;123.2656;-0.1340
441;8.1961;123.2794;-0.1463
442;9.6140;123.2921;-0.1560
443;11.0343;123.3057;-0.1684
444;12.4575;123.3197;-0.1792
445;13.8802;123.3324;-0.1870
446;15.3019;123.3454;-0.2015
447;16.7172;123.3568;-0.2140
448;18.1139;123.3672;-0.2241
449;19.4729;123.3765;-0.2349
450;20.8024;123.3853;-0.2439
451;0.7910;122.0669;-0.0848
452;1.9688;122.0311;-0.0972
453;3.2969;122.0310;-0.1056
454;4.6742;122.0425;-0.1197
455;6.0720;122.0562;-0.1282
456;7.4821;122.0699;-0.1375
457;8.8982;122.0829;-0.1493
458;10.3172;122.0957;-0.1601
459;11.7386;122.1091;-0.1730
460;13.1618;122.1222;-0.1853
461;14.5846;122.1341;-0.1954
462;16.0046;122.1453;-0.2052
463;17.4106;122.1539;-0.2168
464;18.7817;122.1591;-0.2268
465;20.0856;122.1743;-0.2341
466;21.2724;122.3413;-0.2455
467;1.1666;120.8014;-0.0859
468;2.5749;120.8278;-0.0963
469;3.9654;120.8366;-0.1070
470;5.3618;120.8480;-0.1222
471;6.7696;120.8610;-0.1336
472;8.1829;120.8739;-0.1442
473;9.6008;120.8860;-0.1528
474;11.0213;120.8979;-0.1655
475;12.4437;120.9115;-0.1769
476;13.8669;120.9238;-0.1895
477;15.2894;120.9346;-0.1998
478;16.7079;120.9449;-0.2078
479;18.1151;120.9505;-0.2189
480;19.5132;120.9616;-0.2276
481;20.9392;121.0471;-0.2399
482;0.8381;119.5321;-0.0819
483;1.9977;119.6181;-0.0897
484;3.3017;119.6308;-0.1007
485;4.6673;119.6402;-0.1140
486;6.0618;119.6525;-0.1253
487;7.4702;119.6647;-0.1359
488;8.8860;119.6773;-0.1488
489;10.3047;119.6885;-0.1589
490;11.7258;119.7007;-0.1681
491;13.1488;119.7125;-0.1780
492;14.5725;119.7232;-0.1950
493;15.9934;119.7343;-0.2038
494;17.4057;119.7430;-0.2125
495;18.7959;119.7522;-0.2234
496;20.1370;119.7771;-0.2324
497;21.3172;119.7986;-0.2422
498;1.2564;118.3842;-0.0834
499;2.6070;118.4185;-0.0950
500;3.9693;118.4316;-0.1069
501;5.3556;118.4432;-0.1157
502;6.7595;118.4554;-0.1307
503;8.1717;118.4675;-0.1408
504;9.5892;118.4794;-0.1526
505;11.0094;118.4900;-0.1622
506;12.4311;118.5018;-0.1735
507;13.8540;118.5133;-0.1836
508;15.2772;118.5241;-0.1979
509;16.6968;118.5336;-0.2064
510;18.1116;118.5439;-0.2164
511;19.5180;118.5587;-0.2233
512;20.9452;118.5541;-0.2353
513;0.7133;117.2153;-0.0792
514;1.9718;117.2158;-0.0898
515;3.2917;117.2232;-0.0976
516;4.6573;117.2349;-0.1093
517;6.0505;117.2474;-0.1215
518;7.4583;117.2586;-0.1343
519;8.8736;117.2697;-0.1466
520;10.2925;117.2811;-0.1565
521;11.7134;117.2923;-0.1668
522;13.1363;117.3027;-0.1771
523;14.5586;117.3137;-0.1862
524;15.9800;117.3242;-0.1974
525;17.3912;117.3342;-0.2090
526;18.7760;117.3461;-0.2171
527;20.0980;117.3545;-0.2274
528;21.2821;117.2960;-0.2392
529;1.2520;116.0467;-0.0824
530;2.5993;116.0198;-0.0909
531;3.9602;116.0256;-0.1028
532;5.3444;116.0379;-0.1136
533;6.7464;116.0498;-0.1251
534;8.1584;116.0609;-0.1371
535;9.5764;116.0720;-0.1497
536;10.9971;116.0827;-0.1590
537;12.4180;116.0925;-0.1700
538;13.8412;116.1038;-0.1783
539;15.2641;116.1137;-0.1886
540;16.6828;116.1227;-0.2011
541;18.0874;116.1314;-0.2120
542;19.4703;116.1400;-0.2235
543;20.8435;116.1365;-0.2363
544;0.8284;114.9008;-0.0805
545;1.9847;114.8201;-0.0877
546;3.2838;114.8159;-0.0944
547;4.6459;114.8280;-0.1075
548;6.0387;114.8405;-0.1175
549;7.4454;114.8524;-0.1299
550;8.8603;114.8634;-0.1429
551;10.2796;114.8736;-0.1510
552;11.7016;114.8839;-0.1613
553;13.1236;114.8936;-0.1739
554;14.5462;114.9035;-0.1799
555;15.9676;114.9130;-0.1957
556;17.3784;114.9212;-0.2039
557;18.7641;114.9298;-0.2155
558;20.1069;114.9459;-0.2255
559;21.3952;114.9825;-0.2362
560;1.1577;113.6417;-0.0796
561;2.5527;113.6137;-0.0898
562;3.9354;113.6209;-0.1000
563;5.3286;113.6331;-0.1140
564;6.7331;113.6445;-0.1208
565;8.1457;113.6552;-0.1341
566;9.5634;113.6652;-0.1436
567;10.9844;113.6745;-0.1558
568;12.4057;113.6846;-0.1661
569;13.8281;113.6943;-0.1781
570;15.2508;113.7035;-0.1875
571;16.6687;113.7114;-0.2000
572;18.0734;113.7185;-0.2095
573;19.4569;113.7324;-0.2196
574;20.8325;113.7883;-0.2304
575;0.7819;112.4174;-0.0736
576;1.9423;112.4095;-0.0831
577;3.2585;112.4176;-0.0921
578;4.6287;112.4264;-0.1034
579;6.0246;112.4369;-0.1147
580;7.4333;112.4476;-0.1268
581;8.8484;112.4563;-0.1339
582;10.2672;112.4658;-0.1460
583;11.6871;112.4746;-0.1615
584;13.1110;112.4845;-0.1708
585;14.5345;112.4936;-0.1838
586;15.9543;112.5018;-0.1960
587;17.3646;112.5084;-0.2075
588;18.7503;112.5141;-0.2143
589;20.0726;112.5378;-0.2230
590;21.2626;112.6566;-0.2335
591;1.1528;111.1656;-0.0753
592;2.5451;111.2109;-0.0838
593;3.9244;111.2216;-0.0942
594;5.3168;111.2304;-0.1091
595;6.7214;111.2401;-0.1202
596;8.1342;111.2500;-0.1281
597;9.5521;111.2583;-0.1395
598;10.9716;111.2667;-0.1513
599;12.3924;111.2748;-0.1627
600;13.8168;111.2839;-0.1732
601;15.2399;111.2922;-0.1842
602;16.6585;111.3002;-0.1956
603;18.0730;111.3053;-0.2060
604;19.4825;111.3153;-0.2176
605;20.9154;111.3760;-0.2282
606;0.8228;109.8852;-0.0722
607;1.9717;109.9936;-0.0825
608;3.2651;110.0151;-0.0905
609;4.6237;110.0244;-0.1030
610;6.0144;110.0330;-0.1119
611;7.4214;110.0417;-0.1208
612;8.8370;110.0499;-0.1341
613;10.2557;110.0586;-0.1460
614;11.6769;110.0668;-0.1567
615;13.0993;110.0750;-0.1666
616;14.5218;110.0834;-0.1781
617;15.9431;110.0911;-0.1903
618;17.3590;110.0978;-0.2006
619;18.7551;110.1047;-0.2109
620;20.1069;110.1157;-0.2217
621;21.3070;110.1484;-0.2288
622;1.2316;108.7482;-0.0722
623;2.5722;108.8002;-0.0827
624;3.9273;108.8155;-0.0942
625;5.3097;108.8254;-0.1065
626;6.7107;108.8350;-0.1143
627;8.1226;108.8434;-0.1269
628;9.5393;108.8511;-0.1384
629;10.9588;108.8589;-0.1485
630;12.3816;108.8665;-0.1594
631;13.8054;108.8748;-0.1689
632;15.2278;108.8818;-0.1826
633;16.6481;108.8896;-0.1928
634;18.0626;108.8963;-0.2049
635;19.4752;108.9033;-0.2148
636;20.9150;108.8770;-0.2236
637;0.6914;107.5532;-0.0647
638;1.9391;107.5945;-0.0760
639;3.2512;107.6074;-0.0876
640;4.6123;107.6187;-0.1007
641;6.0030;107.6279;-0.1081
642;7.4099;107.6365;-0.1204
643;8.8243;107.6435;-0.1289
644;10.2427;107.6514;-0.1403
645;11.6639;107.6582;-0.1535
646;13.0869;107.6658;-0.1646
647;14.5091;107.6727;-0.1748
648;15.9314;107.6800;-0.1875
649;17.3429;107.6869;-0.1960
650;18.7306;107.6939;-0.2072
651;20.0596;107.6889;-0.2188
652;21.2519;107.5928;-0.2266
653;1.2234;106.4122;-0.0704
654;2.5608;106.4023;-0.0787
655;3.9163;106.4100;-0.0902
656;5.2981;106.4202;-0.0985
657;6.6984;106.4296;-0.1105
658;8.1106;106.4369;-0.1255
659;9.5274;106.4436;-0.1335
660;10.9474;106.4513;-0.1443
661;12.3686;106.4578;-0.1547
662;13.7921;106.4647;-0.1649
663;15.2144;106.4711;-0.1769
664;16.6337;106.4766;-0.1900
665;18.0413;106.4815;-0.2002
666;19.4290;106.4816;-0.2123
667;20.8126;106.4474;-0.2218
668;0.7968;105.2521;-0.0642
669;1.9477;105.1974;-0.0734
670;3.2417;105.2014;-0.0848
671;4.6009;105.2131;-0.0952
672;5.9912;105.2219;-0.1053
673;7.3980;105.2305;-0.1150
674;8.8122;105.2368;-0.1250
675;10.2312;105.2434;-0.1388
676;11.6519;105.2505;-0.1475
677;13.0742;105.2571;-0.1590
678;14.4973;105.2626;-0.1684
679;15.9183;105.2686;-0.1827
680;17.3317;105.2731;-0.1930
681;18.7213;105.2761;-0.2030
682;20.0730;105.2763;-0.2114
683;21.3769;105.2662;-0.2265
684;1.1285;104.0095;-0.0683
685;2.5154;103.9980;-0.0791
686;3.8932;104.0070;-0.0907
687;5.2826;104.0156;-0.0997
688;6.6864;104.0234;-0.1104
689;8.0980;104.0301;-0.1172
690;9.5155;104.0372;-0.1297
691;10.9347;104.0436;-0.1412
692;12.3567;104.0496;-0.1534
693;13.7802;104.0554;-0.1653
694;15.2026;104.0594;-0.1721
695;16.6218;104.0644;-0.1852
696;18.0302;104.0680;-0.1976
697;19.4204;104.0725;-0.2078
698;20.8092;104.1025;-0.2208
699;0.7742;102.7817;-0.0654
700;1.9158;102.7915;-0.0717
701;3.2215;102.8055;-0.0808
702;4.5865;102.8118;-0.0907
703;5.9806;102.8182;-0.1033
704;7.3871;102.8241;-0.1128
705;8.8010;102.8312;-0.1218
706;10.2191;102.8368;-0.1349
707;11.6408;102.8421;-0.1412
708;13.0629;102.8475;-0.1565
709;14.4852;102.8520;-0.1689
710;15.9059;102.8564;-0.1770
711;17.3205;102.8592;-0.1911
712;18.7106;102.8588;-0.2001
713;20.0462;102.8682;-0.2126
714;21.2496;102.9582;-0.2242
715;1.1373;101.5374;-0.0622
716;2.5178;101.6024;-0.0740
717;3.8875;101.6097;-0.0846
718;5.2738;101.6139;-0.0950
719;6.6763;101.6192;-0.1076
720;8.0877;101.6243;-0.1168
721;9.5038;101.6295;-0.1262
722;10.9227;101.6352;-0.1366
723;12.3446;101.6409;-0.1465
724;13.7683;101.6448;-0.1616
725;15.1911;101.6492;-0.1694
726;16.6128;101.6529;-0.1821
727;18.0318;101.6529;-0.1944
728;19.4493;101.6556;-0.2067
729;20.9012;101.6901;-0.2164
730;0.8087;100.2525;-0.0580
731;1.9580;100.3981;-0.0667
732;3.2359;100.4065;-0.0756
733;4.5849;100.4097;-0.0895
734;5.9709;100.4145;-0.1010
735;7.3759;100.4189;-0.1107
736;8.7902;100.4245;-0.1219
737;10.2085;100.4293;-0.1332
738;11.6283;100.4334;-0.1412
739;13.0509;100.4383;-0.1538
740;14.4738;100.4426;-0.1612
741;15.8966;100.4466;-0.1762
742;17.3128;100.4481;-0.1891
743;18.7135;100.4495;-0.1967
744;20.0716;100.4464;-0.2065
745;21.2739;100.4473;-0.2185
746;1.2625;99.1964;-0.0594
747;2.5643;99.1973;-0.0688
748;3.8978;99.2020;-0.0795
749;5.2693;99.2080;-0.0909
750;6.6666;99.2138;-0.1031
751;8.0763;99.2173;-0.1161
752;9.4937;99.2226;-0.1282
753;10.9126;99.2261;-0.1359
754;12.3332;99.2318;-0.1455
755;13.7577;99.2354;-0.1569
756;15.1796;99.2390;-0.1699
757;16.6028;99.2415;-0.1822
758;18.0203;99.2448;-0.1916
759;19.4367;99.2422;-0.2006
760;20.8837;99.1861;-0.2132
761;0.8079;98.1438;-0.0539
762;1.9559;97.9973;-0.0656
763;3.2312;97.9921;-0.0758
764;4.5766;97.9997;-0.0848
765;5.9612;98.0066;-0.0917
766;7.3649;98.0121;-0.1068
767;8.7790;98.0168;-0.1189
768;10.1964;98.0209;-0.1281
769;11.6174;98.0246;-0.1385
770;13.0399;98.0280;-0.1483
771;14.4632;98.0325;-0.1644
772;15.8850;98.0353;-0.1751
773;17.2981;98.0384;-0.1846
774;18.6897;98.0376;-0.1946
775;20.0274;98.0148;-0.2065
776;21.2297;97.8839;-0.2165
777;1.1272;96.8635;-0.0556
778;2.5035;96.7927;-0.0686
779;3.8692;96.7935;-0.0763
780;5.2536;96.8012;-0.0830
781;6.6533;96.8070;-0.0967
782;8.0651;96.8121;-0.1079
783;9.4819;96.8160;-0.1213
784;10.9014;96.8192;-0.1320
785;12.3230;96.8223;-0.1458
786;13.7453;96.8256;-0.1541
787;15.1686;96.8275;-0.1651
788;16.5888;96.8297;-0.1760
789;17.9978;96.8299;-0.1878
790;19.3927;96.8173;-0.1989
791;20.7889;96.7550;-0.2087
792;0.7546;95.6219;-0.0538
793;1.8906;95.6079;-0.0611
794;3.1925;95.5930;-0.0710
795;4.5547;95.5966;-0.0793
796;5.9458;95.6019;-0.0903
797;7.3531;95.6060;-0.1033
798;8.7671;95.6099;-0.1147
799;10.1849;95.6138;-0.1232
800;11.6054;95.6160;-0.1379
801;13.0273;95.6186;-0.1492
802;14.4504;95.6212;-0.1585
803;15.8736;95.6219;-0.1697
804;17.2890;95.6230;-0.1809
805;18.6829;95.6193;-0.1956
806;20.0447;95.6005;-0.2058
807;21.3635;95.5453;-0.2142
808;1.0974;94.3933;-0.0542
809;2.4763;94.3999;-0.0629
810;3.8514;94.3956;-0.0756
811;5.2395;94.3995;-0.0878
812;6.6414;94.4020;-0.0984
813;8.0528;94.4055;-0.1089
814;9.4700;94.4089;-0.1157
815;10.8899;94.4101;-0.1288
816;12.3109;94.4123;-0.1417
817;13.7344;94.4150;-0.1525
818;15.1581;94.4166;-0.1643
819;16.5779;94.4169;-0.1735
820;17.9888;94.4156;-0.1867
821;19.3865;94.4093;-0.1962
822;20.7910;94.4097;-0.2073
823;0.7742;93.1492;-0.0517
824;1.9094;93.1994;-0.0589
825;3.1931;93.1966;-0.0679
826;4.5484;93.1963;-0.0843
827;5.9366;93.1987;-0.0890
828;7.3422;93.2005;-0.1015
829;8.7565;93.2028;-0.1124
830;10.1743;93.2050;-0.1226
831;11.5951;93.2069;-0.1333
832;13.0175;93.2095;-0.1456
833;14.4398;93.2111;-0.1562
834;15.8621;93.2118;-0.1677
835;17.2775;93.2104;-0.1785
836;18.6727;93.2053;-0.1870
837;20.0214;93.1961;-0.1969
838;21.2435;93.2529;-0.2068
839;1.1845;91.9869;-0.0550
840;2.5096;91.9937;-0.0630
841;3.8559;91.9923;-0.0752
842;5.2343;91.9947;-0.0846
843;6.6331;91.9972;-0.0934
844;8.0433;91.9984;-0.1050
845;9.4594;92.0008;-0.1139
846;10.8788;92.0028;-0.1286
847;12.3001;92.0035;-0.1348
848;13.7233;92.0050;-0.1464
849;15.1468;92.0055;-0.1598
850;16.5688;92.0049;-0.1730
851;17.9886;92.0044;-0.1862
852;19.4132;92.0020;-0.1926
853;20.8891;92.0047;-0.2039
854;0.6626;90.8384;-0.0469
855;1.8879;90.8038;-0.0538
856;3.1872;90.7905;-0.0652
857;4.5398;90.7907;-0.0768
858;5.9280;90.7928;-0.0882
859;7.3309;90.7951;-0.0968
860;8.7458;90.7961;-0.1082
861;10.1627;90.7972;-0.1217
862;11.5836;90.7992;-0.1317
863;13.0070;90.7991;-0.1399
864;14.4297;90.7990;-0.1517
865;15.8518;90.7996;-0.1652
866;17.2682;90.7994;-0.1779
867;18.6661;90.8014;-0.1879
868;20.0173;90.8098;-0.1970
869;21.2379;90.7508;-0.2092
870;1.1864;89.6486;-0.0451
871;2.5062;89.5962;-0.0564
872;3.8489;89.5872;-0.0681
873;5.2248;89.5888;-0.0798
874;6.6229;89.5918;-0.0918
875;8.0337;89.5922;-0.1020
876;9.4494;89.5928;-0.1142
877;10.8675;89.5944;-0.1228
878;12.2893;89.5946;-0.1344
879;13.7131;89.5944;-0.1454
880;15.1353;89.5942;-0.1585
881;16.5566;89.5946;-0.1700
882;17.9712;89.5937;-0.1803
883;19.3735;89.5952;-0.1908
884;20.7816;89.5935;-0.2005
885;0.7787;88.5077;-0.0456
886;1.9040;88.4049;-0.0547
887;3.1824;88.3833;-0.0620
888;4.5305;88.3844;-0.0712
889;5.9177;88.3873;-0.0844
890;7.3217;88.3893;-0.0949
891;8.7349;88.3890;-0.1072
892;10.1527;88.3897;-0.1181
893;11.5733;88.3902;-0.1280
894;12.9950;88.3894;-0.1397
895;14.4179;88.3895;-0.1501
896;15.8400;88.3881;-0.1613
897;17.2575;88.3882;-0.1717
898;18.6584;88.3878;-0.1848
899;20.0267;88.4019;-0.1970
900;21.3526;88.4561;-0.2019
901;1.0963;87.2377;-0.0483
902;2.4608;87.1877;-0.0568
903;3.8267;87.1823;-0.0673
904;5.2104;87.1849;-0.0748
905;6.6111;87.1861;-0.0846
906;8.0221;87.1869;-0.0961
907;9.4379;87.1856;-0.1081
908;10.8577;87.1849;-0.1209
909;12.2779;87.1852;-0.1306
910;13.7018;87.1838;-0.1426
911;15.1247;87.1838;-0.1532
912;16.5452;87.1827;-0.1634
913;17.9593;87.1803;-0.1737
914;19.3612;87.1895;-0.1904
915;20.7694;87.2526;-0.1997
916;0.7320;86.0201;-0.0429
917;1.8612;85.9910;-0.0507
918;3.1553;85.9845;-0.0590
919;4.5147;85.9823;-0.0708
920;5.9041;85.9834;-0.0783
921;7.3105;85.9839;-0.0910
922;8.7241;85.9827;-0.1026
923;10.1413;85.9829;-0.1138
924;11.5621;85.9812;-0.1240
925;12.9852;85.9807;-0.1327
926;14.4074;85.9784;-0.1440
927;15.8294;85.9768;-0.1585
928;17.2458;85.9743;-0.1676
929;18.6430;85.9727;-0.1795
930;19.9947;85.9947;-0.1924
931;21.2136;86.1295;-0.2013
932;1.0854;84.7640;-0.0443
933;2.4493;84.7838;-0.0535
934;3.8155;84.7823;-0.0638
935;5.2001;84.7817;-0.0739
936;6.6005;84.7812;-0.0812
937;8.0110;84.7797;-0.0951
938;9.4265;84.7791;-0.1074
939;10.8463;84.7780;-0.1167
940;12.2685;84.7767;-0.1270
941;13.6914;84.7757;-0.1378
942;15.1139;84.7727;-0.1513
943;16.5388;84.7695;-0.1599
944;17.9599;84.7672;-0.1746
945;19.3887;84.7723;-0.1856
946;20.8556;84.8319;-0.1980
947;0.7669;83.5017;-0.0386
948;1.8885;83.5761;-0.0510
949;3.1624;83.5831;-0.0589
950;4.5107;83.5800;-0.0668
951;5.8971;83.5793;-0.0812
952;7.3011;83.5780;-0.0874
953;8.7139;83.5763;-0.0977
954;10.1320;83.5738;-0.1102
955;11.5529;83.5735;-0.1221
956;12.9741;83.5710;-0.1307
957;14.3972;83.5687;-0.1421
958;15.8207;83.5661;-0.1553
959;17.2421;83.5631;-0.1651
960;18.6505;83.5626;-0.1755
961;20.0258;83.5702;-0.1879
962;21.2501;83.5700;-0.1997
963;1.1688;82.3486;-0.0427
964;2.4830;82.3754;-0.0550
965;3.8221;82.3770;-0.0636
966;5.1959;82.3768;-0.0698
967;6.5925;82.3750;-0.0808
968;8.0019;82.3729;-0.0909
969;9.4172;82.3710;-0.1006
970;10.8371;82.3691;-0.1118
971;12.2584;82.3670;-0.1251
972;13.6813;82.3651;-0.1384
973;15.1049;82.3626;-0.1513
974;16.5292;82.3602;-0.1625
975;17.9525;82.3587;-0.1707
976;19.3856;82.3586;-0.1849
977;20.8557;82.3227;-0.1967
978;0.6494;81.1749;-0.0393
979;1.8663;81.1795;-0.0469
980;3.1557;81.1746;-0.0588
981;4.5036;81.1744;-0.0643
982;5.8874;81.1739;-0.0726
983;7.2916;81.1718;-0.0842
984;8.7031;81.1696;-0.0956
985;10.1220;81.1663;-0.1100
986;11.5430;81.1634;-0.1177
987;12.9642;81.1615;-0.1286
988;14.3877;81.1581;-0.1411
989;15.8107;81.1554;-0.1534
990;17.2297;81.1531;-0.1632
991;18.6294;81.1515;-0.1763
992;19.9839;81.1426;-0.1904
993;21.2127;81.0465;-0.1995
994;1.1668;80.0129;-0.0406
995;2.4767;79.9765;-0.0495
996;3.8137;79.9714;-0.0566
997;5.1869;79.9709;-0.0710
998;6.5835;79.9701;-0.0789
999;7.9928;79.9674;-0.0913
1000;9.4070;79.9647;-0.1003
1001;10.8261;79.9610;-0.1088
1002;12.2476;79.9579;-0.1189
1003;13.6714;79.9545;-0.1327
1004;15.0947;79.9514;-0.1434
1005;16.5154;79.9478;-0.1569
1006;17.9326;79.9432;-0.1658
1007;19.3392;79.9364;-0.1834
1008;20.7552;79.9042;-0.1912
1009;0.7557;78.8587;-0.0351
1010;1.8742;78.7817;-0.0442
1011;3.1472;78.7670;-0.0523
1012;4.4941;78.7683;-0.0618
1013;5.8783;78.7680;-0.0716
1014;7.2815;78.7665;-0.0827
1015;8.6943;78.7635;-0.0954
1016;10.1111;78.7609;-0.1044
1017;11.5328;78.7551;-0.1147
1018;12.9545;78.7520;-0.1264
1019;14.3787;78.7478;-0.1414
1020;15.7994;78.7442;-0.1516
1021;17.2183;78.7400;-0.1583
1022;18.6235;78.7344;-0.1733
1023;19.9996;78.7318;-0.1836
1024;21.3398;78.7376;-0.1964
1025;1.0703;77.6031;-0.0338
1026;2.4284;77.5709;-0.0440
1027;3.7906;77.5665;-0.0562
1028;5.1719;77.5660;-0.0630
1029;6.5715;77.5648;-0.0727
1030;7.9829;77.5620;-0.0911
1031;9.3983;77.5577;-0.0999
1032;10.8169;77.5538;-0.1076
1033;12.2383;77.5484;-0.1227
1034;13.6616;77.5444;-0.1342
1035;15.0842;77.5407;-0.1430
1036;16.5065;77.5361;-0.1536
1037;17.9235;77.5288;-0.1639
1038;19.3308;77.5282;-0.1758
1039;20.7508;77.5638;-0.1907
1040;0.7162;76.3834;-0.0295
1041;1.8363;76.3703;-0.0368
1042;3.1247;76.3701;-0.0493
1043;4.4790;76.3664;-0.0601
1044;5.8662;76.3642;-0.0666
1045;7.2714;76.3601;-0.0799
1046;8.6853;76.3559;-0.0917
1047;10.1017;76.3520;-0.1002
1048;11.5228;76.3475;-0.1112
1049;12.9456;76.3420;-0.1245
1050;14.3679;76.3377;-0.1376
1051;15.7905;76.3329;-0.1489
1052;17.2064;76.3253;-0.1607
1053;18.6101;76.3173;-0.1735
1054;19.9719;76.3234;-0.1827
1055;21.2067;76.4305;-0.1912
1056;1.0747;75.1339;-0.0325
1057;2.4293;75.1750;-0.0408
1058;3.7857;75.1705;-0.0497
1059;5.1646;75.1651;-0.0602
1060;6.5628;75.1608;-0.0715
1061;7.9730;75.1561;-0.0846
1062;9.3896;75.1513;-0.0972
1063;10.8070;75.1463;-0.1062
1064;12.2285;75.1409;-0.1184
1065;13.6504;75.1353;-0.1272
1066;15.0744;75.1299;-0.1411
1067;16.4990;75.1230;-0.1554
1068;17.9255;75.1157;-0.1628
1069;19.3629;75.1091;-0.1772
1070;20.8469;75.1482;-0.1886
1071;0.7684;73.8601;-0.0314
1072;1.8876;73.9770;-0.0394
1073;3.1450;73.9728;-0.0460
1074;4.4816;73.9666;-0.0550
1075;5.8618;73.9607;-0.0681
1076;7.2633;73.9564;-0.0778
1077;8.6753;73.9507;-0.0890
1078;10.0939;73.9453;-0.1045
1079;11.5142;73.9392;-0.1152
1080;12.9350;73.9337;-0.1238
1081;14.3577;73.9279;-0.1285
1082;15.7822;73.9212;-0.1451
1083;17.2036;73.9152;-0.1581
1084;18.6186;73.9084;-0.1670
1085;20.0091;73.9001;-0.1776
1086;21.2581;73.8905;-0.1867
1087;1.2111;72.7852;-0.0353
1088;2.4861;72.7694;-0.0419
1089;3.8022;72.7632;-0.0491
1090;5.1646;72.7597;-0.0607
1091;6.5575;72.7550;-0.0728
1092;7.9650;72.7500;-0.0868
1093;9.3796;72.7447;-0.0991
1094;10.7987;72.7378;-0.1086
1095;12.2190;72.7319;-0.1180
1096;13.6422;72.7266;-0.1278
1097;15.0662;72.7195;-0.1399
1098;16.4906;72.7140;-0.1525
1099;17.9171;72.7082;-0.1623
1100;19.3553;72.6988;-0.1718
1101;20.8384;72.6358;-0.1833
1102;0.7739;71.7457;-0.0316
1103;1.8933;71.5757;-0.0383
1104;3.1444;71.5581;-0.0442
1105;4.4767;71.5568;-0.0552
1106;5.8542;71.5536;-0.0634
1107;7.2552;71.5495;-0.0752
1108;8.6664;71.5440;-0.0869
1109;10.0842;71.5378;-0.0977
1110;11.5033;71.5309;-0.1122
1111;12.9255;71.5249;-0.1202
1112;14.3492;71.5178;-0.1353
1113;15.7708;71.5116;-0.1434
1114;17.1902;71.5054;-0.1546
1115;18.5950;71.4976;-0.1655
1116;19.9584;71.4704;-0.1743
1117;21.1963;71.3349;-0.1859
1118;1.0840;70.4585;-0.0323
1119;2.4279;70.3650;-0.0406
1120;3.7760;70.3535;-0.0510
1121;5.1497;70.3528;-0.0574
1122;6.5463;70.3486;-0.0688
1123;7.9546;70.3444;-0.0784
1124;9.3702;70.3373;-0.0897
1125;10.7881;70.3303;-0.1026
1126;12.2100;70.3246;-0.1158
1127;13.6320;70.3175;-0.1263
1128;15.0557;70.3097;-0.1366
1129;16.4783;70.3026;-0.1455
1130;17.8967;70.2930;-0.1599
1131;19.3090;70.2744;-0.1666
1132;20.7346;70.2098;-0.1770
1133;0.7227;69.2231;-0.0242
1134;1.8271;69.1900;-0.0331
1135;3.1057;69.1581;-0.0420
1136;4.4558;69.1531;-0.0521
1137;5.8411;69.1487;-0.0626
1138;7.2444;69.1434;-0.0731
1139;8.6577;69.1377;-0.0849
1140;10.0746;69.1302;-0.0943
1141;11.4945;69.1238;-0.1069
1142;12.9166;69.1162;-0.1220
1143;14.3382;69.1080;-0.1301
1144;15.7629;69.1003;-0.1410
1145;17.1821;69.0919;-0.1496
1146;18.5905;69.0790;-0.1624
1147;19.9754;69.0564;-0.1704
1148;21.3296;69.0173;-0.1835
1149;1.0605;67.9880;-0.0269
1150;2.3983;67.9674;-0.0379
1151;3.7557;67.9565;-0.0443
1152;5.1360;67.9507;-0.0545
1153;6.5345;67.9445;-0.0661
1154;7.9452;67.9382;-0.0782
1155;9.3609;67.9312;-0.0903
1156;10.7793;67.9229;-0.1003
1157;12.2017;67.9149;-0.1138
1158;13.6217;67.9065;-0.1252
1159;15.0467;67.8990;-0.1339
1160;16.4701;67.8907;-0.1449
1161;17.8887;67.8797;-0.1547
1162;19.3039;67.8651;-0.1655
1163;20.7362;67.8699;-0.1757
1164;0.7239;66.7658;-0.0218
1165;1.8243;66.7600;-0.0321
1166;3.0986;66.7621;-0.0359
1167;4.4453;66.7538;-0.0457
1168;5.8305;66.7463;-0.0571
1169;7.2343;66.7392;-0.0698
1170;8.6475;66.7311;-0.0849
1171;10.0658;66.7238;-0.0945
1172;11.4862;66.7151;-0.1084
1173;12.9061;66.7066;-0.1186
1174;14.3294;66.6981;-0.1242
1175;15.7526;66.6894;-0.1366
1176;17.1736;66.6787;-0.1495
1177;18.5802;66.6646;-0.1587
1178;19.9529;66.6486;-0.1708
1179;21.2014;66.7242;-0.1786
1180;1.0723;65.5151;-0.0236
1181;2.4138;65.5662;-0.0337
1182;3.7582;65.5579;-0.0403
1183;5.1318;65.5491;-0.0535
1184;6.5269;65.5409;-0.0621
1185;7.9354;65.5324;-0.0759
1186;9.3508;65.5245;-0.0877
1187;10.7705;65.5144;-0.0984
1188;12.1910;65.5061;-0.1109
1189;13.6144;65.4983;-0.1237
1190;15.0370;65.4886;-0.1329
1191;16.4623;65.4791;-0.1423
1192;17.8906;65.4673;-0.1514
1193;19.3336;65.4574;-0.1648
1194;20.8439;65.4549;-0.1743
1195;0.7598;64.2359;-0.0174
1196;1.8746;64.3740;-0.0275
1197;3.1197;64.3609;-0.0361
1198;4.4507;64.3519;-0.0458
1199;5.8264;64.3435;-0.0560
1200;7.2282;64.3345;-0.0687
1201;8.6399;64.3256;-0.0772
1202;10.0559;64.3159;-0.0884
1203;11.4762;64.3059;-0.1022
1204;12.8976;64.2969;-0.1166
1205;14.3198;64.2888;-0.1271
1206;15.7433;64.2789;-0.1342
1207;17.1655;64.2690;-0.1464
1208;18.5789;64.2606;-0.1603
1209;19.9605;64.2638;-0.1671
1210;21.2359;64.1672;-0.1751
1211;1.2084;63.1980;-0.0246
1212;2.4623;63.1589;-0.0317
1213;3.7707;63.1487;-0.0374
1214;5.1303;63.1423;-0.0504
1215;6.5216;63.1353;-0.0603
1216;7.9281;63.1261;-0.0701
1217;9.3422;63.1172;-0.0825
1218;10.7620;63.1071;-0.0967
1219;12.1829;63.0975;-0.1107
1220;13.6046;63.0877;-0.1205
1221;15.0273;63.0789;-0.1312
1222;16.4511;63.0690;-0.1395
1223;17.8760;63.0579;-0.1479
1224;19.2992;63.0466;-0.1620
1225;20.7338;63.0414;-0.1695
1226;0.7224;62.2165;-0.0182
1227;1.8448;61.9718;-0.0264
1228;3.1046;61.9462;-0.0332
1229;4.4403;61.9414;-0.0435
1230;5.8185;61.9351;-0.0523
1231;7.2177;61.9284;-0.0607
1232;8.6299;61.9191;-0.0757
1233;10.0472;61.9095;-0.0891
1234;11.4676;61.8993;-0.1007
1235;12.8892;61.8887;-0.1183
1236;14.3125;61.8782;-0.1283
1237;15.7351;61.8689;-0.1354
1238;17.1584;61.8565;-0.1435
1239;18.5775;61.8443;-0.1558
1240;19.9810;61.8304;-0.1659
1241;21.3214;61.9153;-0.1767
1242;1.0438;60.8588;-0.0195
1243;2.3871;60.7584;-0.0272
1244;3.7381;60.7433;-0.0351
1245;5.1145;60.7374;-0.0499
1246;6.5098;60.7299;-0.0593
1247;7.9180;60.7209;-0.0675
1248;9.3339;60.7108;-0.0806
1249;10.7526;60.7009;-0.0925
1250;12.1742;60.6895;-0.1072
1251;13.5976;60.6794;-0.1200
1252;15.0191;60.6687;-0.1276
1253;16.4440;60.6580;-0.1337
1254;17.8721;60.6456;-0.1458
1255;19.3111;60.6345;-0.1559
1256;20.7831;60.6234;-0.1704
1257;0.7051;59.6223;-0.0142
1258;1.7938;59.5781;-0.0224
1259;3.0716;59.5506;-0.0315
1260;4.4203;59.5399;-0.0415
1261;5.8063;59.5323;-0.0535
1262;7.2078;59.5231;-0.0608
1263;8.6207;59.5124;-0.0738
1264;10.0377;59.5016;-0.0879
1265;11.4584;59.4909;-0.1001
1266;12.8794;59.4793;-0.1060
1267;14.3029;59.4685;-0.1217
1268;15.7273;59.4578;-0.1313
1269;17.1504;59.4467;-0.1363
1270;18.5701;59.4360;-0.1482
1271;19.9785;59.4259;-0.1608
1272;21.3217;59.3212;-0.1752
1273;1.0352;58.3623;-0.0154
1274;2.3733;58.3604;-0.0243
1275;3.7266;58.3462;-0.0369
1276;5.1041;58.3359;-0.0473
1277;6.5010;58.3272;-0.0538
1278;7.9100;58.3159;-0.0675
1279;9.3247;58.3045;-0.0779
1280;10.7430;58.2941;-0.0889
1281;12.1637;58.2814;-0.1038
1282;13.5872;58.2698;-0.1142
1283;15.0098;58.2581;-0.1254
1284;16.4328;58.2465;-0.1342
1285;17.8598;58.2348;-0.1447
1286;19.2871;58.2212;-0.1572
1287;20.7271;58.2019;-0.1640
1288;0.7307;57.1159;-0.0116
1289;1.8237;57.1597;-0.0196
1290;3.0791;57.1534;-0.0261
1291;4.4179;57.1403;-0.0398
1292;5.7984;57.1298;-0.0505
1293;7.2004;57.1181;-0.0607
1294;8.6127;57.1068;-0.0752
1295;10.0283;57.0954;-0.0828
1296;11.4494;57.0835;-0.0952
1297;12.8697;57.0701;-0.1047
1298;14.2943;57.0590;-0.1192
1299;15.7164;57.0467;-0.1278
1300;17.1398;57.0348;-0.1348
1301;18.5548;57.0189;-0.1468
1302;19.9414;56.9917;-0.1586
1303;21.2244;57.0653;-0.1678
1304;1.1250;55.9485;-0.0121
1305;2.4121;55.9528;-0.0186
1306;3.7350;55.9429;-0.0308
1307;5.1009;55.9321;-0.0438
1308;6.4946;55.9211;-0.0530
1309;7.9009;55.9094;-0.0637
1310;9.3169;55.8960;-0.0768
1311;10.7360;55.8853;-0.0888
1312;12.1549;55.8735;-0.0957
1313;13.5770;55.8600;-0.1091
1314;15.0010;55.8475;-0.1233
1315;16.4267;55.8363;-0.1318
1316;17.8581;55.8228;-0.1398
1317;19.3085;55.8060;-0.1510
1318;20.8297;55.7840;-0.1678
1319;0.6255;54.7972;-0.0091
1320;1.8104;54.7667;-0.0114
1321;3.0775;54.7456;-0.0235
1322;4.4138;54.7341;-0.0354
1323;5.7925;54.7246;-0.0460
1324;7.1929;54.7127;-0.0587
1325;8.6048;54.7000;-0.0711
1326;10.0219;54.6866;-0.0837
1327;11.4411;54.6753;-0.0928
1328;12.8625;54.6608;-0.1035
1329;14.2846;54.6492;-0.1152
1330;15.7078;54.6376;-0.1249
1331;17.1292;54.6243;-0.1347
1332;18.5446;54.6126;-0.1429
1333;19.9312;54.6030;-0.1574
1334;21.2065;54.5061;-0.1687
1335;1.1289;53.6163;-0.0104
1336;2.4108;53.5539;-0.0180
1337;3.7313;53.5355;-0.0295
1338;5.0948;53.5272;-0.0364
1339;6.4870;53.5164;-0.0513
1340;7.8938;53.5044;-0.0617
1341;9.3082;53.4913;-0.0753
1342;10.7264;53.4775;-0.0872
1343;12.1472;53.4645;-0.0994
1344;13.5695;53.4514;-0.1093
1345;14.9924;53.4373;-0.1238
1346;16.4164;53.4238;-0.1305
1347;17.8402;53.4114;-0.1373
1348;19.2679;53.3985;-0.1488
1349;20.7154;53.3684;-0.1576
1350;0.7314;52.4686;-0.0069
1351;1.8182;52.3692;-0.0121
1352;3.0709;52.3377;-0.0232
1353;4.4052;52.3276;-0.0329
1354;5.7843;52.3194;-0.0452
1355;7.1841;52.3073;-0.0557
1356;8.5953;52.2956;-0.0669
1357;10.0133;52.2810;-0.0807
1358;11.4314;52.2673;-0.0901
1359;12.8541;52.2535;-0.0997
1360;14.2767;52.2395;-0.1148
1361;15.7000;52.2261;-0.1257
1362;17.1230;52.2114;-0.1339
1363;18.5390;52.1985;-0.1418
1364;19.9406;52.1941;-0.1518
1365;21.3186;52.2176;-0.1624
1366;1.0358;51.2049;-0.0051
1367;2.3627;51.1485;-0.0135
1368;3.7056;51.1291;-0.0252
1369;5.0800;51.1208;-0.0392
1370;6.4755;51.1108;-0.0474
1371;7.8826;51.0982;-0.0565
1372;9.2992;51.0844;-0.0733
1373;10.7180;51.0706;-0.0869
1374;12.1384;51.0563;-0.0933
1375;13.5606;51.0411;-0.1060
1376;14.9828;51.0275;-0.1165
1377;16.4089;51.0129;-0.1246
1378;17.8323;50.9986;-0.1356
1379;19.2583;50.9912;-0.1465
1380;20.7084;51.0338;-0.1575
1381;0.6825;50.0065;-0.0019
1382;1.7785;49.9540;-0.0093
1383;3.0383;49.9260;-0.0187
1384;4.3842;49.9198;-0.0339
1385;5.7704;49.9130;-0.0447
1386;7.1736;49.9024;-0.0525
1387;8.5865;49.8883;-0.0690
1388;10.0028;49.8749;-0.0751
1389;11.4233;49.8596;-0.0863
1390;12.8461;49.8448;-0.1008
1391;14.2678;49.8297;-0.1099
1392;15.6906;49.8151;-0.1225
1393;17.1145;49.7996;-0.1298
1394;18.5291;49.7845;-0.1399
1395;19.9138;49.7896;-0.1524
1396;21.1791;49.9142;-0.1601
1397;0.9823;48.7535;-0.0030
1398;2.2972;48.7132;-0.0114
1399;3.6627;48.7131;-0.0244
1400;5.0548;48.7129;-0.0347
1401;6.4611;48.7050;-0.0478
1402;7.8733;48.6923;-0.0591
1403;9.2893;48.6783;-0.0661
1404;10.7079;48.6636;-0.0778
1405;12.1294;48.6486;-0.0930
1406;13.5522;48.6328;-0.1041
1407;14.9758;48.6182;-0.1126
1408;16.4012;48.6021;-0.1245
1409;17.8372;48.5855;-0.1366
1410;19.2917;48.5748;-0.1427
1411;20.8057;48.6215;-0.1496
1412;1.4133;47.5624;-0.0028
1413;2.8894;47.5195;-0.0142
1414;4.3227;47.5151;-0.0310
1415;5.7411;47.5088;-0.0386
1416;7.1585;47.4969;-0.0507
1417;8.5756;47.4824;-0.0621
1418;9.9929;47.4670;-0.0698
1419;11.4134;47.4512;-0.0849
1420;12.8373;47.4357;-0.0980
1421;14.2602;47.4207;-0.1082
1422;15.6841;47.4040;-0.1195
1423;17.1112;47.3893;-0.1292
1424;18.5415;47.3747;-0.1383
1425;19.9558;47.3639;-0.1427
1426;21.2341;47.3589;-0.1566
1427;0.8045;46.4247;0.0028
1428;2.1699;46.3393;-0.0080
1429;3.5970;46.3255;-0.0190
1430;5.0216;46.3151;-0.0309
1431;6.4427;46.3022;-0.0445
1432;7.8626;46.2875;-0.0595
1433;9.2813;46.2727;-0.0673
1434;10.6992;46.2563;-0.0733
1435;12.1214;46.2398;-0.0881
1436;13.5446;46.2237;-0.0979
1437;14.9679;46.2078;-0.1127
1438;16.3952;46.1924;-0.1229
1439;17.8317;46.1784;-0.1302
1440;19.2898;46.1621;-0.1409
1441;20.8098;46.0985;-0.1547
1442;1.3532;45.1395;-0.0003
1443;2.8456;45.1386;-0.0141
1444;4.2946;45.1243;-0.0257
1445;5.7251;45.1094;-0.0421
1446;7.1475;45.0942;-0.0517
1447;8.5676;45.0765;-0.0670
1448;9.9873;45.0604;-0.0730
1449;11.4068;45.0445;-0.0784
1450;12.8284;45.0277;-0.0930
1451;14.2518;45.0108;-0.1073
1452;15.6760;44.9945;-0.1179
1453;17.1014;44.9810;-0.1283
1454;18.5196;44.9660;-0.1348
1455;19.9071;44.9364;-0.1468
1456;21.1924;44.7994;-0.1579
1457;0.8002;43.8384;0.0067
1458;2.1651;43.9439;-0.0063
1459;3.5855;43.9353;-0.0181
1460;5.0116;43.9175;-0.0365
1461;6.4330;43.9005;-0.0439
1462;7.8530;43.8831;-0.0551
1463;9.2734;43.8661;-0.0662
1464;10.6935;43.8492;-0.0783
1465;12.1142;43.8321;-0.0907
1466;13.5360;43.8149;-0.1008
1467;14.9596;43.7976;-0.1140
1468;16.3845;43.7814;-0.1212
1469;17.8127;43.7652;-0.1316
1470;19.2433;43.7394;-0.1438
1471;20.7008;43.6784;-0.1537
1472;1.4040;42.7278;0.0004
1473;2.8602;42.7381;-0.0116
1474;4.2947;42.7257;-0.0264
1475;5.7181;42.7077;-0.0358
1476;7.1398;42.6908;-0.0472
1477;8.5601;42.6715;-0.0639
1478;9.9790;42.6545;-0.0715
1479;11.4003;42.6371;-0.0879
1480;12.8203;42.6192;-0.0929
1481;14.2423;42.6007;-0.1053
1482;15.6682;42.5842;-0.1196
1483;17.0926;42.5671;-0.1251
1484;18.5137;42.5469;-0.1384
1485;19.9239;42.5236;-0.1408
1486;21.3163;42.4997;-0.1571
1487;0.9002;41.5934;0.0063
1488;2.1957;41.5211;-0.0031
1489;3.5921;41.5295;-0.0179
1490;5.0084;41.5153;-0.0327
1491;6.4259;41.4976;-0.0373
1492;7.8456;41.4784;-0.0537
1493;9.2650;41.4604;-0.0650
1494;10.6852;41.4428;-0.0769
1495;12.1061;41.4247;-0.0881
1496;13.5279;41.4066;-0.0976
1497;14.9510;41.3877;-0.1120
1498;16.3759;41.3703;-0.1208
1499;17.8040;41.3517;-0.1285
1500;19.2372;41.3330;-0.1387
1501;20.6999;41.3442;-0.1502
1502;1.3033;40.3221;0.0041
1503;2.8320;40.3345;-0.0086
1504;4.2830;40.3239;-0.0250
1505;5.7104;40.3046;-0.0336
1506;7.1318;40.2852;-0.0474
1507;8.5505;40.2677;-0.0558
1508;9.9715;40.2479;-0.0747
1509;11.3921;40.2293;-0.0849
1510;12.8136;40.2109;-0.0935
1511;14.2347;40.1928;-0.1016
1512;15.6592;40.1742;-0.1123
1513;17.0827;40.1550;-0.1195
1514;18.5030;40.1342;-0.1352
1515;19.9022;40.1201;-0.1475
1516;21.1870;40.2136;-0.1506
1517;0.9169;39.0494;0.0132
1518;2.1996;39.1439;-0.0005
1519;3.5918;39.1324;-0.0161
1520;5.0034;39.1135;-0.0263
1521;6.4191;39.0931;-0.0379
1522;7.8386;39.0735;-0.0495
1523;9.2566;39.0547;-0.0594
1524;10.6767;39.0353;-0.0738
1525;12.0983;39.0164;-0.0884
1526;13.5194;38.9980;-0.0947
1527;14.9445;38.9793;-0.1049
1528;16.3714;38.9600;-0.1117
1529;17.8074;38.9398;-0.1299
1530;19.2686;38.9254;-0.1450
1531;20.8082;38.9367;-0.1530
1532;1.4086;37.9222;0.0101
1533;2.8622;37.9375;-0.0063
1534;4.2876;37.9205;-0.0170
1535;5.7068;37.9014;-0.0333
1536;7.1259;37.8812;-0.0443
1537;8.5447;37.8617;-0.0553
1538;9.9637;37.8426;-0.0656
1539;11.3822;37.8231;-0.0750
1540;12.8044;37.8034;-0.0897
1541;14.2273;37.7843;-0.1019
1542;15.6517;37.7642;-0.1085
1543;17.0789;37.7453;-0.1200
1544;18.5052;37.7294;-0.1378
1545;19.9126;37.7346;-0.1421
1546;21.2128;37.6580;-0.1493
1547;0.7958;36.7770;0.0155
1548;2.1794;36.7494;0.0021
1549;3.5837;36.7298;-0.0111
1550;4.9963;36.7091;-0.0240
1551;6.4139;36.6889;-0.0393
1552;7.8304;36.6690;-0.0457
1553;9.2491;36.6497;-0.0598
1554;10.6682;36.6289;-0.0669
1555;12.0896;36.6090;-0.0789
1556;13.5116;36.5903;-0.0951
1557;14.9356;36.5701;-0.1044
1558;16.3627;36.5499;-0.1137
1559;17.7967;36.5307;-0.1293
1560;19.2412;36.5161;-0.1401
1561;20.7073;36.5192;-0.1472
1562;1.4091;35.6049;0.0108
1563;2.8590;35.5421;-0.0041
1564;4.2830;35.5179;-0.0230
1565;5.7003;35.4977;-0.0309
1566;7.1177;35.4767;-0.0383
1567;8.5360;35.4561;-0.0505
1568;9.9556;35.4354;-0.0663
1569;11.3757;35.4154;-0.0751
1570;12.7968;35.3962;-0.0867
1571;14.2193;35.3759;-0.0967
1572;15.6439;35.3551;-0.1087
1573;17.0737;35.3352;-0.1175
1574;18.5072;35.3157;-0.1323
1575;19.9367;35.3011;-0.1371
1576;21.3135;35.4032;-0.1524
1577;0.9222;34.4967;0.0143
1578;2.1972;34.3567;0.0037
1579;3.5800;34.3238;-0.0070
1580;4.9908;34.3057;-0.0248
1581;6.4057;34.2857;-0.0321
1582;7.8228;34.2647;-0.0434
1583;9.2413;34.2433;-0.0557
1584;10.6612;34.2225;-0.0670
1585;12.0814;34.2027;-0.0774
1586;13.5040;34.1820;-0.0883
1587;14.9277;34.1615;-0.0990
1588;16.3566;34.1404;-0.1166
1589;17.7936;34.1203;-0.1291
1590;19.2508;34.1034;-0.1328
1591;20.7565;34.0991;-0.1463
1592;1.3000;33.2044;0.0139
1593;2.8113;33.1368;-0.0030
1594;4.2606;33.1138;-0.0131
1595;5.6881;33.0937;-0.0233
1596;7.1088;33.0732;-0.0378
1597;8.5293;33.0510;-0.0529
1598;9.9472;33.0306;-0.0588
1599;11.3680;33.0091;-0.0734
1600;12.7888;32.9883;-0.0862
1601;14.2118;32.9670;-0.0965
1602;15.6368;32.9465;-0.1075
1603;17.0666;32.9252;-0.1179
1604;18.5000;32.9074;-0.1255
1605;19.9326;32.8958;-0.1422
1606;21.3092;32.8063;-0.1486
1607;0.8830;31.9536;0.0207
1608;2.1500;31.9439;0.0072
1609;3.5561;31.9267;-0.0079
1610;4.9763;31.9037;-0.0170
1611;6.3965;31.8827;-0.0294
1612;7.8156;31.8599;-0.0426
1613;9.2339;31.8381;-0.0533
1614;10.6546;31.8173;-0.0680
1615;12.0758;31.7953;-0.0809
1616;13.4974;31.7740;-0.0906
1617;14.9192;31.7522;-0.0942
1618;16.3477;31.7311;-0.1099
1619;17.7811;31.7100;-0.1186
1620;19.2270;31.6905;-0.1292
1621;20.6967;31.6751;-0.1475
1622;1.3049;30.6943;0.0135
1623;2.8080;30.7354;0.0010
1624;4.2547;30.7162;-0.0137
1625;5.6819;30.6926;-0.0241
1626;7.1008;30.6694;-0.0301
1627;8.5202;30.6474;-0.0445
1628;9.9396;30.6250;-0.0558
1629;11.3607;30.6027;-0.0707
1630;12.7816;30.5817;-0.0801
1631;14.2036;30.5582;-0.0905
1632;15.6289;30.5370;-0.1002
1633;17.0554;30.5149;-0.1122
1634;18.4836;30.4912;-0.1238
1635;19.8978;30.4569;-0.1351
1636;21.2134;30.5471;-0.1498
1637;0.9366;29.4030;0.0181
1638;2.1952;29.5243;0.0058
1639;3.5713;29.5257;-0.0069
1640;4.9774;29.5026;-0.0195
1641;6.3909;29.4793;-0.0262
1642;7.8085;29.4564;-0.0385
1643;9.2265;29.4337;-0.0492
1644;10.6471;29.4106;-0.0651
1645;12.0679;29.3886;-0.0765
1646;13.4886;29.3664;-0.0827
1647;14.9135;29.3428;-0.0984
1648;16.3421;29.3208;-0.1081
1649;17.7809;29.2998;-0.1207
1650;19.2505;29.2773;-0.1276
1651;20.8150;29.2487;-0.1408
1652;1.4058;28.2845;0.0128
1653;2.8483;28.3223;0.0002
1654;4.2650;28.3106;-0.0108
1655;5.6799;28.2886;-0.0215
1656;7.0966;28.2659;-0.0324
1657;8.5136;28.2433;-0.0437
1658;9.9327;28.2190;-0.0569
1659;11.3529;28.1972;-0.0658
1660;12.7741;28.1736;-0.0808
1661;14.1959;28.1506;-0.0924
1662;15.6220;28.1277;-0.1072
1663;17.0476;28.1071;-0.1119
1664;18.4752;28.0908;-0.1253
1665;19.8900;28.0855;-0.1339
1666;21.2247;27.9517;-0.1503
1667;0.7955;27.1153;0.0219
1668;2.1688;27.1260;0.0097
1669;3.5645;27.1181;-0.0037
1670;4.9720;27.0989;-0.0186
1671;6.3855;27.0749;-0.0288
1672;7.8016;27.0523;-0.0385
1673;9.2197;27.0292;-0.0487
1674;10.6391;27.0047;-0.0628
1675;12.0591;26.9813;-0.0724
1676;13.4821;26.9576;-0.0878
1677;14.9053;26.9340;-0.1004
1678;16.3318;26.9126;-0.1115
1679;17.7595;26.8941;-0.1253
1680;19.1938;26.8887;-0.1300
1681;20.6589;26.8790;-0.1395
1682;1.3980;25.9652;0.0190
1683;2.8416;25.9262;0.0015
1684;4.2593;25.9071;-0.0074
1685;5.6742;25.8845;-0.0238
1686;7.0896;25.8620;-0.0315
1687;8.5068;25.8368;-0.0435
1688;9.9266;25.8138;-0.0571
1689;11.3460;25.7892;-0.0676
1690;12.7667;25.7659;-0.0778
1691;14.1890;25.7421;-0.0906
1692;15.6122;25.7190;-0.1017
1693;17.0326;25.6986;-0.1133
1694;18.4438;25.6902;-0.1223
1695;19.8276;25.7081;-0.1303
1696;21.1853;25.7943;-0.1400
1697;0.9091;24.8409;0.0226
1698;2.1787;24.7332;0.0129
1699;3.5603;24.7133;-0.0012
1700;4.9665;24.6933;-0.0120
1701;6.3781;24.6708;-0.0256
1702;7.7938;24.6464;-0.0323
1703;9.2133;24.6230;-0.0501
1704;10.6303;24.5993;-0.0540
1705;12.0525;24.5751;-0.0691
1706;13.4727;24.5515;-0.0783
1707;14.8966;24.5253;-0.0959
1708;16.3159;24.5033;-0.1037
1709;17.7218;24.4850;-0.1147
1710;19.0874;24.4826;-0.1279
1711;20.3669;24.5181;-0.1339
1712;21.4854;24.4407;-0.1411
1713;1.2852;23.5634;0.0197
1714;2.7989;23.5323;0.0073
1715;4.2421;23.5054;-0.0091
1716;5.6650;23.4804;-0.0261
1717;7.0811;23.4567;-0.0292
1718;8.5005;23.4322;-0.0454
1719;9.9191;23.4077;-0.0561
1720;11.3382;23.3832;-0.0613
1721;12.7604;23.3586;-0.0767
1722;14.1814;23.3335;-0.0904
1723;15.6015;23.3091;-0.0971
1724;17.0136;23.2863;-0.1082
1725;18.4008;23.2675;-0.1196
1726;19.7333;23.2674;-0.1260
1727;21.0028;23.2677;-0.1334
1728;0.8919;22.2970;0.0276
1729;2.1675;22.3595;0.0160
1730;3.5497;22.3210;-0.0032
1731;4.9567;22.2942;-0.0114
1732;6.3711;22.2685;-0.0259
1733;7.7871;22.2432;-0.0353
1734;9.2060;22.2175;-0.0490
1735;10.6254;22.1937;-0.0629
1736;12.0456;22.1677;-0.0689
1737;13.4668;22.1424;-0.0798
1738;14.8880;22.1172;-0.0920
1739;16.3051;22.0919;-0.0976
1740;17.7034;22.0660;-0.1059
1741;19.0535;22.0449;-0.1169
1742;20.3021;22.0347;-0.1254
1743;21.3895;22.0705;-0.1372
1744;1.3894;21.1634;0.0257
1745;2.8232;21.1318;0.0095
1746;4.2425;21.1045;-0.0055
1747;5.6580;21.0794;-0.0154
1748;7.0747;21.0542;-0.0238
1749;8.4923;21.0279;-0.0391
1750;9.9105;21.0033;-0.0476
1751;11.3318;20.9767;-0.0626
1752;12.7512;20.9511;-0.0697
1753;14.1726;20.9245;-0.0822
1754;15.5941;20.8993;-0.0954
1755;17.0061;20.8721;-0.1042
1756;18.3965;20.8453;-0.1118
1757;19.7540;20.8215;-0.1333
1758;21.0826;20.8197;-0.1372
1759;0.8002;20.0573;0.0270
1760;2.1381;19.9393;0.0164
1761;3.5363;19.9149;0.0035
1762;4.9483;19.8904;-0.0100
1763;6.3637;19.8653;-0.0215
1764;7.7809;19.8372;-0.0354
1765;9.1981;19.8121;-0.0437
1766;10.6180;19.7871;-0.0553
1767;12.0381;19.7612;-0.0665
1768;13.4579;19.7355;-0.0726
1769;14.8795;19.7086;-0.0853
1770;16.2963;19.6813;-0.0990
1771;17.6954;19.6531;-0.1087
1772;19.0550;19.6275;-0.1279
1773;20.3250;19.5988;-0.1282
1774;21.4203;19.5835;-0.1416
1775;1.3363;18.7583;0.0238
1776;2.8001;18.7304;0.0110
1777;4.2306;18.7039;-0.0042
1778;5.6498;18.6773;-0.0114
1779;7.0678;18.6503;-0.0235
1780;8.4843;18.6238;-0.0360
1781;9.9037;18.5975;-0.0492
1782;11.3239;18.5713;-0.0583
1783;12.7461;18.5446;-0.0720
1784;14.1656;18.5178;-0.0818
1785;15.5862;18.4915;-0.0942
1786;16.9967;18.4629;-0.1060
1787;18.3851;18.4362;-0.1181
1788;19.7353;18.4104;-0.1241
1789;21.0692;18.3367;-0.1334
1790;0.8007;17.4777;0.0275
1791;2.1339;17.5480;0.0190
1792;3.5310;17.5177;0.0039
1793;4.9422;17.4908;-0.0088
1794;6.3571;17.4628;-0.0143
1795;7.7727;17.4348;-0.0275
1796;9.1899;17.4083;-0.0385
1797;10.6113;17.3809;-0.0571
1798;12.0303;17.3540;-0.0622
1799;13.4527;17.3259;-0.0792
1800;14.8721;17.2999;-0.0906
1801;16.2879;17.2721;-0.0972
1802;17.6821;17.2450;-0.1061
1803;19.0257;17.2198;-0.1178
1804;20.2696;17.1936;-0.1270
1805;21.3674;17.0516;-0.1362
1806;1.3890;16.3508;0.0214
1807;2.8161;16.3293;0.0117
1808;4.2313;16.3029;0.0018
1809;5.6458;16.2766;-0.0079
1810;7.0607;16.2472;-0.0187
1811;8.4781;16.2199;-0.0310
1812;9.8960;16.1928;-0.0428
1813;11.3166;16.1644;-0.0593
1814;12.7383;16.1369;-0.0716
1815;14.1603;16.1098;-0.0874
1816;15.5778;16.0820;-0.0930
1817;16.9857;16.0532;-0.1023
1818;18.3588;16.0228;-0.1088
1819;19.6718;15.9960;-0.1176
1820;20.9308;15.9801;-0.1306
1821;0.8937;15.2356;0.0299
1822;2.1617;15.1265;0.0196
1823;3.5378;15.1119;0.0028
1824;4.9395;15.0872;-0.0065
1825;6.3504;15.0600;-0.0143
1826;7.7654;15.0316;-0.0247
1827;9.1832;15.0034;-0.0372
1828;10.6020;14.9768;-0.0458
1829;12.0238;14.9475;-0.0637
1830;13.4438;14.9203;-0.0709
1831;14.8642;14.8923;-0.0849
1832;16.2796;14.8622;-0.0953
1833;17.6722;14.8286;-0.1059
1834;19.0096;14.7956;-0.1161
1835;20.2510;14.7815;-0.1196
1836;21.3573;14.9215;-0.1292
1837;1.2839;13.9522;0.0268
1838;2.7856;13.9290;0.0164
1839;4.2205;13.9017;0.0018
1840;5.6388;13.8720;-0.0130
1841;7.0553;13.8428;-0.0236
1842;8.4711;13.8155;-0.0332
1843;9.8890;13.7875;-0.0376
1844;11.3087;13.7587;-0.0519
1845;12.7300;13.7304;-0.0659
1846;14.1508;13.7021;-0.0735
1847;15.5718;13.6728;-0.0901
1848;16.9800;13.6411;-0.0965
1849;18.3662;13.6046;-0.1101
1850;19.7143;13.5792;-0.1165
1851;21.0513;13.6380;-0.1223
1852;0.9220;12.6940;0.0315
1853;2.1678;12.7495;0.0204
1854;3.5362;12.7178;0.0104
1855;4.9348;12.6877;-0.0009
1856;6.3455;12.6575;-0.0119
1857;7.7603;12.6288;-0.0229
1858;9.1771;12.5992;-0.0319
1859;10.5959;12.5710;-0.0438
1860;12.0155;12.5424;-0.0569
1861;13.4373;12.5121;-0.0678
1862;14.8582;12.4826;-0.0816
1863;16.2751;12.4531;-0.0890
1864;17.6736;12.4190;-0.0990
1865;19.0332;12.3873;-0.1080
1866;20.3116;12.3823;-0.1177
1867;21.4125;12.3878;-0.1245
1868;1.3888;11.5472;0.0262
1869;2.8155;11.5319;0.0186
1870;4.2243;11.5001;0.0062
1871;5.6347;11.4702;-0.0040
1872;7.0493;11.4409;-0.0178
1873;8.4650;11.4120;-0.0284
1874;9.8833;11.3818;-0.0379
1875;11.3020;11.3538;-0.0483
1876;12.7219;11.3238;-0.0601
1877;14.1434;11.2935;-0.0709
1878;15.5637;11.2640;-0.0833
1879;16.9778;11.2319;-0.0962
1880;18.3712;11.1998;-0.1024
1881;19.7366;11.1718;-0.1133
1882;21.0731;11.1528;-0.1207
1883;0.7978;10.4200;0.0330
1884;2.1476;10.3570;0.0215
1885;3.5286;10.3165;0.0153
1886;4.9306;10.2843;0.0012
1887;6.3390;10.2539;-0.0064
1888;7.7538;10.2251;-0.0185
1889;9.1713;10.1953;-0.0331
1890;10.5900;10.1641;-0.0446
1891;12.0102;10.1345;-0.0598
1892;13.4299;10.1058;-0.0681
1893;14.8508;10.0760;-0.0768
1894;16.2684;10.0443;-0.0902
1895;17.6699;10.0122;-0.1036
1896;19.0298;9.9841;-0.1099
1897;20.3064;9.9431;-0.1210
1898;21.4047;9.9074;-0.1199
1899;1.3931;9.2256;0.0285
1900;2.8164;9.1382;0.0173
1901;4.2222;9.0992;0.0075
1902;5.6307;9.0686;-0.0065
1903;7.0421;9.0381;-0.0099
1904;8.4587;9.0079;-0.0282
1905;9.8772;8.9779;-0.0395
1906;11.2960;8.9479;-0.0486
1907;12.7172;8.9176;-0.0621
1908;14.1364;8.8881;-0.0666
1909;15.5558;8.8575;-0.0803
1910;16.9691;8.8239;-0.0985
1911;18.3573;8.7956;-0.1054
1912;19.7088;8.7624;-0.1147
1913;21.0536;8.6675;-0.1225
1914;0.9385;8.1226;0.0286
1915;2.1723;7.9638;0.0230
1916;3.5327;7.9117;0.0145
1917;4.9256;7.8811;0.0013
1918;6.3343;7.8518;-0.0107
1919;7.7481;7.8211;-0.0185
1920;9.1631;7.7915;-0.0277
1921;10.5823;7.7607;-0.0393
1922;12.0033;7.7307;-0.0532
1923;13.4232;7.6996;-0.0606
1924;14.8412;7.6690;-0.0660
1925;16.2584;7.6354;-0.0846
1926;17.6539;7.6043;-0.0960
1927;18.9982;7.5752;-0.1060
1928;20.2500;7.5430;-0.1203
1929;21.3629;7.3677;-0.1223
1930;1.2980;6.8274;0.0279
1931;2.7733;6.7334;0.0214
1932;4.2049;6.6960;0.0073
1933;5.6206;6.6664;-0.0040
1934;7.0363;6.6361;-0.0155
1935;8.4500;6.6051;-0.0173
1936;9.8690;6.5740;-0.0300
1937;11.2895;6.5414;-0.0471
1938;12.7097;6.5114;-0.0574
1939;14.1291;6.4800;-0.0641
1940;15.5477;6.4491;-0.0736
1941;16.9585;6.4155;-0.0907
1942;18.3357;6.3801;-0.1022
1943;19.6565;6.3486;-0.1130
1944;20.9258;6.3206;-0.1186
1945;0.8807;5.5887;0.0375
1946;2.1237;5.5534;0.0245
1947;3.5051;5.5154;0.0204
1948;4.9133;5.4825;0.0033
1949;6.3253;5.4504;-0.0039
1950;7.7398;5.4186;-0.0143
1951;9.1570;5.3889;-0.0224
1952;10.5753;5.3565;-0.0334
1953;11.9963;5.3245;-0.0505
1954;13.4154;5.2926;-0.0544
1955;14.8364;5.2602;-0.0693
1956;16.2530;5.2274;-0.0830
1957;17.6476;5.1915;-0.0918
1958;18.9937;5.1524;-0.1011
1959;20.2495;5.1301;-0.1120
1960;21.3664;5.2388;-0.1167
1961;1.2915;4.3275;0.0281
1962;2.7665;4.3376;0.0213
1963;4.1963;4.3046;0.0144
1964;5.6133;4.2696;0.0050
1965;7.0296;4.2357;-0.0064
1966;8.4457;4.2046;-0.0172
1967;9.8640;4.1724;-0.0310
1968;11.2821;4.1406;-0.0392
1969;12.7027;4.1071;-0.0501
1970;14.1236;4.0748;-0.0636
1971;15.5432;4.0414;-0.0747
1972;16.9541;4.0066;-0.0831
1973;18.3448;3.9687;-0.0942
1974;19.7052;3.9359;-0.1025
1975;21.0589;3.9688;-0.1128
1976;0.9328;3.0590;0.0416
1977;2.1638;3.1481;0.0289
1978;3.5192;3.1301;0.0192
1979;4.9141;3.0963;0.0083
1980;6.3216;3.0626;-0.0032
1981;7.7353;3.0305;-0.0121
1982;9.1518;2.9971;-0.0242
1983;10.5691;2.9643;-0.0308
1984;11.9888;2.9321;-0.0444
1985;13.4089;2.8986;-0.0524
1986;14.8305;2.8656;-0.0660
1987;16.2465;2.8327;-0.0702
1988;17.6493;2.7954;-0.0897
1989;19.0169;2.7537;-0.0993
1990;20.3031;2.7321;-0.1035
1991;21.4204;2.7101;-0.1118
1992;1.3849;1.9475;0.0421
1993;2.8039;1.9679;0.0268
1994;4.2072;1.9444;0.0159
1995;5.6140;1.9113;0.0058
1996;7.0263;1.8781;-0.0076
1997;8.4407;1.8440;-0.0134
1998;9.8579;1.8111;-0.0199
1999;11.2757;1.7781;-0.0296
2000;12.6977;1.7450;-0.0476
2001;14.1178;1.7112;-0.0571
2002;15.5369;1.6773;-0.0649
2003;16.9520;1.6413;-0.0802
2004;18.3539;1.6005;-0.0961
2005;19.7355;1.5434;-0.0964
2006;21.0821;1.4877;-0.1029
2007;0.7696;0.8205;0.0471
2008;2.1284;0.8532;0.0370
2009;3.5161;0.8374;0.0260
2010;4.9147;0.8056;0.0097
2011;6.3246;0.7722;0.0029
2012;7.7376;0.7374;-0.0077
2013;9.1530;0.7029;-0.0150
2014;10.5709;0.6696;-0.0265
2015;11.9913;0.6347;-0.0421
2016;13.4108;0.6009;-0.0474
2017;14.8310;0.5653;-0.0583
2018;16.2474;0.5295;-0.0678
2019;17.6548;0.4919;-0.0841
2020;19.0389;0.4411;-0.0927
2021;20.3630;0.2982;-0.1002
2022;21.4175;0.2036;-0.1062
2023;1.3886;-0.1734;0.0444
2024;2.8266;-0.1949;0.0341
2025;4.2347;-0.2297;0.0181
2026;5.6422;-0.2653;0.0063
2027;7.0539;-0.3009;0.0047
2028;8.4682;-0.3371;-0.0118
2029;9.8855;-0.3730;-0.0208
2030;11.3042;-0.4091;-0.0332
2031;12.7244;-0.4462;-0.0421
2032;14.1447;-0.4820;-0.0528
2033;15.5637;-0.5184;-0.0626
