# Units: length:mm angle:deg time:s strain:% force:N 
# Stage: Stufe 444
stage;index;relative_time;date
"Stufe 444";444;254.9200;"2024-01-29T11:55:12.619"
# Name : Cetex-90°-1_Origin
force;untransformed;transformed
18865.1223;18865.1223;18865.1223
# Name : Flächenkomponente 1
id;x;y;z
0;1.0192;153.9917;-0.0493
1;2.6033;154.0009;-0.0640
2;4.1835;154.0090;-0.0699
3;5.7710;154.0137;-0.0903
4;7.3561;154.0200;-0.1047
5;8.9436;154.0247;-0.1131
6;10.5327;154.0327;-0.1438
7;12.1226;154.0425;-0.1625
8;13.7150;154.0556;-0.1786
9;15.3068;154.0707;-0.1903
10;16.9011;154.0825;-0.2165
11;18.4973;154.0974;-0.2332
12;20.0937;154.1124;-0.2626
13;21.6525;154.0007;-0.2633
14;21.7229;152.4299;-0.2467
15;21.7167;150.8595;-0.2438
16;21.7122;149.2875;-0.2479
17;21.7070;147.7181;-0.2448
18;21.7002;146.1435;-0.2281
19;21.6968;144.5702;-0.2268
20;21.6928;142.9985;-0.2247
21;21.6854;141.4248;-0.2154
22;21.6814;139.8537;-0.2153
23;21.6768;138.2822;-0.2095
24;21.6764;136.7119;-0.2107
25;21.6691;135.1378;-0.2047
26;21.6654;133.5661;-0.1922
27;21.6592;131.9919;-0.1913
28;21.6571;130.4209;-0.1826
29;21.6521;128.8465;-0.1839
30;21.6488;127.2755;-0.1769
31;21.6457;125.7042;-0.1673
32;21.6411;124.1331;-0.1567
33;21.6368;122.5606;-0.1524
34;21.6358;120.9884;-0.1479
35;21.6344;119.4161;-0.1486
36;21.6310;117.8443;-0.1434
37;21.6282;116.2705;-0.1419
38;21.6265;114.6985;-0.1308
39;21.6257;113.1270;-0.1344
40;21.6240;111.5532;-0.1218
41;21.6209;109.9804;-0.1208
42;21.6188;108.4089;-0.1099
43;21.6211;106.8385;-0.1066
44;21.6197;105.2645;-0.0991
45;21.6194;103.6917;-0.1062
46;21.6156;102.1200;-0.0931
47;21.6175;100.5439;-0.0957
48;21.6189;98.9738;-0.0932
49;21.6175;97.4013;-0.0863
50;21.6136;95.8292;-0.0753
51;21.6139;94.2544;-0.0670
52;21.6158;92.6836;-0.0690
53;21.6147;91.1134;-0.0639
54;21.6134;89.5403;-0.0557
55;21.6131;87.9703;-0.0569
56;21.6134;86.3955;-0.0542
57;21.6142;84.8240;-0.0467
58;21.6153;83.2497;-0.0427
59;21.6151;81.6765;-0.0441
60;21.6143;80.1039;-0.0286
61;21.6166;78.5302;-0.0304
62;21.6172;76.9588;-0.0270
63;21.6172;75.3855;-0.0184
64;21.6184;73.8137;-0.0192
65;21.6205;72.2367;-0.0181
66;21.6221;70.6640;-0.0136
67;21.6213;69.0922;0.0020
68;21.6216;67.5159;-0.0002
69;21.6228;65.9453;0.0033
70;21.6260;64.3717;0.0072
71;21.6310;62.7985;-0.0048
72;21.6296;61.2257;0.0110
73;21.6314;59.6522;0.0116
74;21.6298;58.0789;0.0299
75;21.6334;56.5029;0.0276
76;21.6369;54.9292;0.0259
77;21.6377;53.3566;0.0295
78;21.6418;51.7821;0.0309
79;21.6420;50.2078;0.0374
80;21.6465;48.6354;0.0350
81;21.6458;47.0644;0.0498
82;21.6510;45.4917;0.0470
83;21.6551;43.9185;0.0443
84;21.6577;42.3429;0.0499
85;21.6597;40.7678;0.0498
86;21.6626;39.1948;0.0563
87;21.6663;37.6198;0.0511
88;21.6676;36.0476;0.0583
89;21.6707;34.4744;0.0555
90;21.6717;32.9033;0.0747
91;21.6720;31.3290;0.0733
92;21.6754;29.7592;0.0823
93;21.6774;28.1882;0.0965
94;21.6807;26.6122;0.0877
95;21.6842;25.0370;0.0864
96;21.6865;23.4622;0.0964
97;21.6922;21.8901;0.0942
98;21.6957;20.3148;0.0916
99;21.6955;18.7430;0.0995
100;21.6981;17.1696;0.1058
101;21.7044;15.5972;0.1018
102;21.7062;14.0247;0.1085
103;21.7075;12.4511;0.1227
104;21.7120;10.8764;0.1182
105;21.7141;9.3024;0.1291
106;21.7194;7.7313;0.1286
107;21.7225;6.1566;0.1315
108;21.7263;4.5821;0.1321
109;21.7299;3.0103;0.1362
110;21.7090;1.4453;0.1432
111;20.4493;0.7183;0.1390
112;18.8570;0.7297;0.1331
113;17.2673;0.7431;0.1217
114;15.6766;0.7540;0.1068
115;14.0898;0.7648;0.1048
116;12.5010;0.7770;0.0940
117;10.9146;0.7843;0.0845
118;9.3308;0.7890;0.0765
119;7.7464;0.7916;0.0724
120;6.1641;0.7975;0.0597
121;4.5813;0.7952;0.0503
122;2.9984;0.7999;0.0407
123;1.4187;0.8028;0.0410
124;0.2081;1.3066;0.0302
125;0.0249;2.8520;0.0248
126;0.0225;4.4199;0.0262
127;0.0192;5.9882;0.0242
128;0.0152;7.5569;0.0234
129;0.0107;9.1227;0.0188
130;0.0072;10.6868;0.0215
131;0.0041;12.2536;0.0188
132;0.0026;13.8214;0.0217
133;-0.0017;15.3885;0.0202
134;-0.0077;16.9600;0.0252
135;-0.0088;18.5265;0.0227
136;-0.0121;20.0934;0.0232
137;-0.0133;21.6638;0.0174
138;-0.0210;23.2299;0.0268
139;-0.0235;24.7954;0.0231
140;-0.0269;26.3623;0.0240
141;-0.0281;27.9283;0.0168
142;-0.0304;29.4951;0.0101
143;-0.0359;31.0639;0.0181
144;-0.0363;32.6313;0.0122
145;-0.0384;34.1979;0.0060
146;-0.0405;35.7639;0.0038
147;-0.0437;37.3302;0.0030
148;-0.0470;38.8963;-0.0006
149;-0.0470;40.4652;-0.0024
150;-0.0525;42.0304;-0.0019
151;-0.0538;43.5991;-0.0078
152;-0.0589;45.1664;-0.0019
153;-0.0626;46.7349;-0.0023
154;-0.0655;48.3021;0.0040
155;-0.0700;49.8677;0.0062
156;-0.0703;51.4343;-0.0221
157;-0.0742;52.9999;-0.0125
158;-0.0745;54.5693;-0.0137
159;-0.0768;56.1341;-0.0129
160;-0.0796;57.7028;-0.0175
161;-0.0808;59.2709;-0.0221
162;-0.0832;60.8351;-0.0209
163;-0.0836;62.4016;-0.0270
164;-0.0858;63.9660;-0.0206
165;-0.0859;65.5343;-0.0233
166;-0.0850;67.1007;-0.0338
167;-0.0869;68.6686;-0.0278
168;-0.0884;70.2340;-0.0274
169;-0.0907;71.8019;-0.0234
170;-0.0897;73.3711;-0.0319
171;-0.0910;74.9347;-0.0369
172;-0.0907;76.5009;-0.0396
173;-0.0932;78.0651;-0.0369
174;-0.0917;79.6321;-0.0364
175;-0.0921;81.2003;-0.0443
176;-0.0919;82.7664;-0.0432
177;-0.0927;84.3328;-0.0417
178;-0.0930;85.8997;-0.0391
179;-0.0928;87.4656;-0.0404
180;-0.0914;89.0302;-0.0427
181;-0.0887;90.5940;-0.0436
182;-0.0893;92.1598;-0.0353
183;-0.0866;93.7262;-0.0437
184;-0.0889;95.2916;-0.0432
185;-0.0861;96.8565;-0.0448
186;-0.0839;98.4228;-0.0460
187;-0.0836;99.9918;-0.0326
188;-0.0843;101.5580;-0.0380
189;-0.0837;103.1211;-0.0419
190;-0.0793;104.6861;-0.0428
191;-0.0794;106.2514;-0.0406
192;-0.0772;107.8185;-0.0337
193;-0.0769;109.3854;-0.0418
194;-0.0766;110.9494;-0.0368
195;-0.0708;112.5163;-0.0382
196;-0.0682;114.0813;-0.0332
197;-0.0687;115.6477;-0.0314
198;-0.0673;117.2114;-0.0356
199;-0.0638;118.7761;-0.0261
200;-0.0609;120.3397;-0.0210
201;-0.0569;121.9065;-0.0261
202;-0.0544;123.4782;-0.0342
203;-0.0524;125.0411;-0.0327
204;-0.0465;126.6046;-0.0229
205;-0.0403;128.1704;-0.0324
206;-0.0374;129.7376;-0.0216
207;-0.0331;131.3025;-0.0228
208;-0.0288;132.8666;-0.0270
209;-0.0248;134.4336;-0.0273
210;-0.0176;136.0016;-0.0301
211;-0.0131;137.5694;-0.0341
212;-0.0105;139.1326;-0.0256
213;-0.0061;140.6983;-0.0266
214;0.0008;142.2609;-0.0330
215;0.0059;143.8276;-0.0234
216;0.0116;145.3922;-0.0253
217;0.0159;146.9592;-0.0314
218;0.0233;148.5231;-0.0279
219;0.0315;150.0895;-0.0276
220;0.0376;151.6556;-0.0283
221;0.0430;153.2196;-0.0406
222;1.6701;152.5542;-0.0552
223;3.3798;152.6244;-0.0638
224;5.0095;152.6324;-0.0820
225;6.6097;152.6395;-0.0969
226;8.1975;152.6493;-0.1076
227;9.7885;152.6644;-0.1336
228;11.3769;152.6808;-0.1504
229;12.9689;152.7004;-0.1671
230;14.5577;152.7185;-0.1803
231;16.1397;152.7413;-0.1995
232;17.6990;152.7634;-0.2143
233;19.1958;152.7850;-0.2365
234;20.5395;152.9181;-0.2513
235;1.3137;150.9997;-0.0421
236;2.7608;151.2431;-0.0621
237;4.3023;151.2578;-0.0762
238;5.8692;151.2616;-0.0886
239;7.4480;151.2737;-0.1030
240;9.0332;151.2911;-0.1223
241;10.6220;151.3141;-0.1434
242;12.2097;151.3365;-0.1573
243;13.8017;151.3606;-0.1712
244;15.3887;151.3852;-0.1857
245;16.9722;151.4149;-0.2043
246;18.5517;151.4404;-0.2179
247;20.1681;151.5145;-0.2382
248;1.0001;149.5620;-0.0370
249;2.2587;149.7723;-0.0514
250;3.6468;149.8619;-0.0647
251;5.1450;149.8791;-0.0835
252;6.6943;149.8936;-0.0956
253;8.2680;149.9151;-0.1162
254;9.8499;149.9394;-0.1245
255;11.4382;149.9676;-0.1437
256;13.0259;149.9933;-0.1515
257;14.6159;150.0222;-0.1781
258;16.1962;150.0528;-0.1906
259;17.7566;150.0843;-0.2093
260;19.2635;150.1139;-0.2241
261;20.5940;150.1394;-0.2386
262;1.5118;148.3380;-0.0410
263;2.9411;148.4404;-0.0578
264;4.4110;148.4881;-0.0709
265;5.9364;148.5142;-0.0892
266;7.4979;148.5381;-0.1051
267;9.0745;148.5665;-0.1209
268;10.6591;148.5940;-0.1424
269;12.2480;148.6236;-0.1559
270;13.8355;148.6540;-0.1698
271;15.4220;148.6855;-0.1843
272;16.9986;148.7191;-0.1977
273;18.5678;148.7562;-0.2124
274;20.1644;148.7273;-0.2290
275;0.9349;147.0015;-0.0407
276;2.2729;147.0510;-0.0500
277;3.6918;147.0969;-0.0603
278;5.1861;147.1327;-0.0855
279;6.7279;147.1618;-0.0940
280;8.2970;147.1915;-0.1167
281;9.8777;147.2208;-0.1306
282;11.4641;147.2525;-0.1484
283;13.0539;147.2826;-0.1626
284;14.6391;147.3151;-0.1749
285;16.2130;147.3468;-0.1914
286;17.7517;147.3849;-0.2080
287;19.2139;147.4171;-0.2224
288;20.5414;147.2822;-0.2322
289;1.5004;145.7177;-0.0466
290;2.9471;145.7181;-0.0588
291;4.4310;145.7518;-0.0727
292;5.9594;145.7859;-0.0931
293;7.5186;145.8150;-0.1008
294;9.0957;145.8470;-0.1193
295;10.6805;145.8777;-0.1336
296;12.2687;145.9099;-0.1502
297;13.8557;145.9424;-0.1653
298;15.4386;145.9735;-0.1852
299;16.9999;146.0043;-0.1961
300;18.5193;146.0387;-0.2056
301;20.0094;146.0797;-0.2273
302;1.0474;144.3941;-0.0354
303;2.2866;144.3508;-0.0504
304;3.6989;144.3737;-0.0613
305;5.1990;144.4096;-0.0766
306;6.7447;144.4435;-0.0918
307;8.3153;144.4738;-0.1093
308;9.8956;144.5041;-0.1252
309;11.4832;144.5343;-0.1429
310;13.0706;144.5690;-0.1495
311;14.6590;144.5980;-0.1787
312;16.2294;144.6290;-0.1946
313;17.7608;144.6549;-0.2023
314;19.2147;144.6978;-0.2095
315;20.5341;144.9185;-0.2221
316;1.4023;142.9988;-0.0378
317;2.9099;143.0055;-0.0554
318;4.4264;143.0360;-0.0677
319;5.9697;143.0695;-0.0902
320;7.5334;143.1005;-0.0963
321;9.1115;143.1308;-0.1167
322;10.6980;143.1609;-0.1338
323;12.2855;143.1929;-0.1415
324;13.8735;143.2249;-0.1576
325;15.4578;143.2543;-0.1730
326;17.0295;143.2818;-0.1986
327;18.5836;143.3209;-0.2111
328;20.1616;143.4480;-0.2190
329;1.0161;141.6150;-0.0376
330;2.2611;141.6361;-0.0487
331;3.6968;141.6702;-0.0621
332;5.2088;141.6997;-0.0782
333;6.7592;141.7297;-0.0918
334;8.3303;141.7613;-0.1068
335;9.9129;141.7892;-0.1195
336;11.4981;141.8187;-0.1248
337;13.0878;141.8515;-0.1446
338;14.6745;141.8816;-0.1677
339;16.2494;141.9090;-0.1763
340;17.7974;141.9411;-0.1909
341;19.2833;141.9981;-0.2050
342;20.5811;142.0512;-0.2094
343;1.4218;140.2149;-0.0405
344;2.9335;140.3033;-0.0584
345;4.4448;140.3291;-0.0635
346;5.9872;140.3583;-0.0788
347;7.5504;140.3889;-0.0879
348;9.1304;140.4181;-0.1096
349;10.7145;140.4468;-0.1245
350;12.3019;140.4752;-0.1324
351;13.8908;140.5056;-0.1485
352;15.4764;140.5377;-0.1658
353;17.0527;140.5674;-0.1886
354;18.6158;140.6091;-0.1949
355;20.1936;140.6460;-0.2111
356;1.0740;138.7670;-0.0386
357;2.3298;138.9331;-0.0502
358;3.7390;138.9629;-0.0655
359;5.2356;138.9890;-0.0754
360;6.7795;139.0151;-0.0844
361;8.3486;139.0436;-0.1006
362;9.9297;139.0729;-0.1126
363;11.5181;139.1025;-0.1335
364;13.1077;139.1321;-0.1490
365;14.6910;139.1629;-0.1561
366;16.2649;139.1932;-0.1651
367;17.8037;139.2282;-0.1866
368;19.2638;139.2676;-0.1883
369;20.5652;139.2477;-0.2073
370;1.5702;137.5687;-0.0416
371;3.0053;137.5849;-0.0598
372;4.4838;137.6126;-0.0644
373;6.0118;137.6410;-0.0754
374;7.5707;137.6714;-0.0872
375;9.1481;137.7005;-0.1110
376;10.7304;137.7290;-0.1085
377;12.3220;137.7557;-0.1372
378;13.9090;137.7895;-0.1454
379;15.4899;137.8169;-0.1543
380;17.0524;137.8475;-0.1722
381;18.5818;137.8831;-0.1824
382;20.0913;137.9190;-0.1981
383;1.0781;136.3729;-0.0393
384;2.3431;136.2174;-0.0496
385;3.7541;136.2342;-0.0544
386;5.2527;136.2661;-0.0705
387;6.7967;136.2969;-0.0769
388;8.3675;136.3272;-0.0934
389;9.9474;136.3568;-0.1125
390;11.5336;136.3837;-0.1169
391;13.1230;136.4148;-0.1369
392;14.7099;136.4457;-0.1495
393;16.2801;136.4726;-0.1658
394;17.8149;136.5043;-0.1788
395;19.2893;136.5531;-0.1915
396;20.6868;136.6401;-0.2073
397;1.4309;134.9286;-0.0417
398;2.9562;134.8652;-0.0481
399;4.4768;134.8914;-0.0647
400;6.0215;134.9221;-0.0842
401;7.5873;134.9545;-0.0887
402;9.1642;134.9848;-0.1018
403;10.7495;135.0125;-0.1170
404;12.3366;135.0425;-0.1242
405;13.9244;135.0710;-0.1389
406;15.5048;135.0979;-0.1530
407;17.0632;135.1268;-0.1646
408;18.5882;135.1703;-0.1878
409;20.0839;135.2628;-0.1931
410;1.0206;133.5193;-0.0379
411;2.2801;133.5159;-0.0414
412;3.7329;133.5222;-0.0493
413;5.2542;133.5520;-0.0709
414;6.8102;133.5828;-0.0815
415;8.3830;133.6113;-0.0900
416;9.9646;133.6391;-0.0979
417;11.5506;133.6676;-0.1110
418;13.1391;133.6960;-0.1291
419;14.7248;133.7255;-0.1418
420;16.2935;133.7531;-0.1648
421;17.8205;133.7806;-0.1757
422;19.2617;133.8337;-0.1760
423;20.5403;133.9909;-0.1875
424;1.4117;132.1249;-0.0326
425;2.9469;132.1621;-0.0505
426;4.4785;132.1840;-0.0588
427;6.0338;132.2113;-0.0780
428;7.6025;132.2407;-0.0862
429;9.1816;132.2658;-0.0899
430;10.7665;132.2978;-0.1061
431;12.3559;132.3274;-0.1260
432;13.9427;132.3550;-0.1394
433;15.5240;132.3804;-0.1502
434;17.0906;132.4070;-0.1586
435;18.6332;132.4393;-0.1722
436;20.1776;132.5361;-0.1807
437;1.0440;130.7280;-0.0330
438;2.3185;130.7962;-0.0437
439;3.7549;130.8170;-0.0548
440;5.2713;130.8408;-0.0635
441;6.8274;130.8702;-0.0725
442;8.4004;130.9004;-0.0944
443;9.9835;130.9256;-0.1062
444;11.5678;130.9537;-0.1084
445;13.1585;130.9819;-0.1337
446;14.7442;131.0072;-0.1392
447;16.3153;131.0320;-0.1509
448;17.8502;131.0567;-0.1490
449;19.3154;131.0989;-0.1712
450;20.5994;131.1294;-0.1825
451;1.5115;129.4207;-0.0400
452;2.9960;129.4463;-0.0399
453;4.5086;129.4715;-0.0547
454;6.0544;129.4994;-0.0667
455;7.6217;129.5266;-0.0770
456;9.2010;129.5548;-0.0968
457;10.7848;129.5800;-0.1067
458;12.3726;129.6058;-0.1187
459;13.9614;129.6343;-0.1314
460;15.5442;129.6590;-0.1370
461;17.1090;129.6882;-0.1530
462;18.6529;129.7162;-0.1649
463;20.1971;129.7279;-0.1722
464;0.9255;128.1256;-0.0380
465;2.3076;128.0905;-0.0462
466;3.7694;128.1030;-0.0510
467;5.2900;128.1282;-0.0632
468;6.8442;128.1553;-0.0702
469;8.4180;128.1820;-0.0881
470;9.9982;128.2106;-0.0938
471;11.5879;128.2346;-0.1053
472;13.1770;128.2586;-0.1229
473;14.7617;128.2869;-0.1349
474;16.3262;128.3136;-0.1349
475;17.8542;128.3392;-0.1531
476;19.2932;128.3619;-0.1708
477;20.5558;128.3113;-0.1724
478;1.5200;126.7790;-0.0314
479;3.0118;126.7405;-0.0475
480;4.5269;126.7574;-0.0573
481;6.0727;126.7874;-0.0629
482;7.6402;126.8139;-0.0816
483;9.2170;126.8366;-0.0854
484;10.8031;126.8619;-0.1013
485;12.3927;126.8874;-0.1163
486;13.9782;126.9149;-0.1274
487;15.5567;126.9409;-0.1363
488;17.1098;126.9630;-0.1388
489;18.6209;126.9906;-0.1538
490;20.0995;126.9923;-0.1647
491;1.0634;125.4946;-0.0303
492;2.3430;125.3859;-0.0385
493;3.7893;125.3840;-0.0462
494;5.3085;125.4119;-0.0586
495;6.8641;125.4400;-0.0723
496;8.4379;125.4643;-0.0752
497;10.0192;125.4922;-0.0900
498;11.6056;125.5166;-0.1008
499;13.1949;125.5412;-0.1198
500;14.7775;125.5686;-0.1276
501;16.3431;125.5892;-0.1375
502;17.8676;125.6152;-0.1531
503;19.3133;125.6442;-0.1551
504;20.6815;125.6829;-0.1619
505;1.4329;124.0557;-0.0408
506;2.9852;124.0195;-0.0385
507;4.5285;124.0377;-0.0450
508;6.0864;124.0672;-0.0669
509;7.6538;124.0924;-0.0684
510;9.2341;124.1184;-0.0819
511;10.8215;124.1429;-0.0954
512;12.4101;124.1671;-0.1052
513;13.9974;124.1951;-0.1211
514;15.5749;124.2174;-0.1204
515;17.1251;124.2406;-0.1406
516;18.6301;124.2708;-0.1501
517;20.0995;124.3386;-0.1554
518;1.0145;122.6346;-0.0431
519;2.3109;122.6601;-0.0439
520;3.7825;122.6729;-0.0479
521;5.3183;122.6974;-0.0622
522;6.8779;122.7238;-0.0753
523;8.4540;122.7510;-0.0808
524;10.0375;122.7745;-0.0912
525;11.6257;122.7986;-0.0983
526;13.2136;122.8239;-0.1140
527;14.7969;122.8467;-0.1165
528;16.3643;122.8688;-0.1392
529;17.8806;122.8877;-0.1382
530;19.3052;122.9274;-0.1420
531;20.5520;123.0430;-0.1482
532;1.4311;121.2512;-0.0386
533;2.9924;121.3071;-0.0457
534;4.5428;121.3297;-0.0555
535;6.1009;121.3542;-0.0642
536;7.6758;121.3781;-0.0803
537;9.2561;121.4034;-0.0838
538;10.8407;121.4298;-0.0978
539;12.4302;121.4523;-0.1038
540;14.0182;121.4759;-0.1153
541;15.5972;121.5002;-0.1242
542;17.1564;121.5196;-0.1269
543;18.6892;121.5435;-0.1462
544;20.2047;121.6095;-0.1464
545;1.0597;119.8279;-0.0387
546;2.3583;119.9316;-0.0390
547;3.8141;119.9641;-0.0551
548;5.3414;119.9881;-0.0611
549;6.9000;120.0101;-0.0657
550;8.4734;120.0338;-0.0753
551;10.0583;120.0572;-0.0854
552;11.6449;120.0836;-0.0956
553;13.2346;120.1080;-0.1017
554;14.8198;120.1324;-0.1259
555;16.3858;120.1525;-0.1236
556;17.9131;120.1705;-0.1330
557;19.3527;120.1963;-0.1416
558;20.6051;120.2378;-0.1407
559;1.5376;118.5366;-0.0349
560;3.0479;118.5863;-0.0385
561;4.5739;118.6162;-0.0510
562;6.1283;118.6412;-0.0583
563;7.6969;118.6653;-0.0688
564;9.2774;118.6889;-0.0838
565;10.8613;118.7121;-0.0933
566;12.4494;118.7362;-0.0957
567;14.0378;118.7592;-0.1065
568;15.6178;118.7810;-0.1107
569;17.1739;118.8002;-0.1188
570;18.7004;118.8227;-0.1347
571;20.2104;118.8101;-0.1348
572;0.9280;117.2140;-0.0361
573;2.3483;117.2263;-0.0423
574;3.8299;117.2468;-0.0532
575;5.3626;117.2724;-0.0598
576;6.9205;117.2967;-0.0656
577;8.4957;117.3192;-0.0672
578;10.0781;117.3438;-0.0853
579;11.6649;117.3642;-0.0841
580;13.2549;117.3873;-0.0956
581;14.8370;117.4113;-0.1078
582;16.4026;117.4304;-0.1166
583;17.9120;117.4543;-0.1216
584;19.3221;117.4572;-0.1183
585;20.5548;117.3728;-0.1338
586;1.5450;115.9023;-0.0393
587;3.0671;115.8830;-0.0566
588;4.5932;115.9020;-0.0528
589;6.1474;115.9275;-0.0638
590;7.7167;115.9530;-0.0705
591;9.2971;115.9740;-0.0808
592;10.8810;115.9978;-0.0774
593;12.4714;116.0199;-0.0932
594;14.0569;116.0387;-0.0982
595;15.6317;116.0596;-0.1022
596;17.1777;116.0801;-0.1167
597;18.6693;116.0933;-0.1183
598;20.1179;116.0681;-0.1316
599;1.0704;114.6103;-0.0391
600;2.3814;114.5218;-0.0409
601;3.8507;114.5301;-0.0526
602;5.3799;114.5562;-0.0591
603;6.9408;114.5823;-0.0606
604;8.5155;114.6034;-0.0721
605;10.1012;114.6270;-0.0821
606;11.6892;114.6509;-0.0925
607;13.2755;114.6690;-0.0961
608;14.8592;114.6892;-0.1021
609;16.4198;114.7091;-0.1108
610;17.9290;114.7226;-0.1112
611;19.3566;114.7386;-0.1351
612;20.6905;114.7283;-0.1283
613;1.4460;113.1849;-0.0435
614;3.0356;113.1644;-0.0511
615;4.5959;113.1864;-0.0521
616;6.1619;113.2138;-0.0657
617;7.7374;113.2339;-0.0673
618;9.3195;113.2584;-0.0769
619;10.9049;113.2770;-0.0781
620;12.4913;113.2989;-0.0882
621;14.0803;113.3207;-0.0988
622;15.6543;113.3406;-0.1050
623;17.1997;113.3531;-0.1103
624;18.6877;113.3711;-0.1222
625;20.1276;113.4222;-0.1264
626;1.0261;111.7927;-0.0369
627;2.3528;111.7986;-0.0527
628;3.8464;111.8210;-0.0564
629;5.3911;111.8437;-0.0557
630;6.9598;111.8654;-0.0660
631;8.5375;111.8881;-0.0705
632;10.1231;111.9069;-0.0783
633;11.7094;111.9295;-0.0860
634;13.2961;111.9494;-0.0849
635;14.8792;111.9703;-0.0964
636;16.4436;111.9855;-0.1090
637;17.9538;111.9987;-0.1125
638;19.3574;112.0239;-0.1183
639;20.5775;112.1070;-0.1107
640;1.4598;110.3786;-0.0412
641;3.0510;110.4513;-0.0454
642;4.6149;110.4756;-0.0530
643;6.1818;110.4977;-0.0640
644;7.7561;110.5187;-0.0613
645;9.3398;110.5386;-0.0745
646;10.9265;110.5602;-0.0864
647;12.5142;110.5785;-0.0861
648;14.1015;110.6002;-0.0942
649;15.6819;110.6159;-0.1044
650;17.2371;110.6303;-0.1045
651;18.7512;110.6459;-0.1084
652;20.2352;110.6939;-0.1246
653;1.0850;108.9255;-0.0455
654;2.4060;109.0688;-0.0462
655;3.8808;109.1081;-0.0493
656;5.4194;109.1313;-0.0570
657;6.9828;109.1514;-0.0640
658;8.5596;109.1687;-0.0715
659;10.1458;109.1922;-0.0778
660;11.7320;109.2134;-0.0807
661;13.3187;109.2313;-0.0819
662;14.9051;109.2496;-0.0936
663;16.4700;109.2623;-0.0925
664;17.9934;109.2656;-0.1071
665;19.4038;109.2816;-0.1005
666;20.6201;109.3161;-0.1186
667;1.5705;107.6519;-0.0396
668;3.1062;107.7273;-0.0403
669;4.6491;107.7600;-0.0575
670;6.2086;107.7812;-0.0602
671;7.7826;107.8014;-0.0669
672;9.3638;107.8233;-0.0717
673;10.9500;107.8445;-0.0750
674;12.5396;107.8633;-0.0871
675;14.1271;107.8807;-0.0897
676;15.7110;107.8951;-0.0949
677;17.2792;107.8991;-0.0946
678;18.8179;107.8844;-0.1033
679;20.2948;107.8917;-0.1111
680;0.9407;106.2993;-0.0410
681;2.3900;106.3560;-0.0395
682;3.8957;106.3882;-0.0487
683;5.4397;106.4135;-0.0526
684;7.0064;106.4337;-0.0630
685;8.5831;106.4553;-0.0643
686;10.1677;106.4738;-0.0689
687;11.7586;106.4941;-0.0783
688;13.3467;106.5127;-0.0863
689;14.9382;106.5302;-0.0925
690;16.5299;106.5416;-0.0864
691;18.1410;106.5468;-0.0950
692;19.8084;106.5607;-0.1089
693;1.5704;105.0127;-0.0478
694;3.1206;105.0196;-0.0485
695;4.6678;105.0434;-0.0533
696;6.2304;105.0662;-0.0579
697;7.8053;105.0870;-0.0673
698;9.3879;105.1063;-0.0692
699;10.9744;105.1260;-0.0743
700;12.5640;105.1458;-0.0847
701;14.1548;105.1648;-0.0887
702;15.7461;105.1818;-0.0854
703;17.3426;105.1947;-0.0925
704;18.9367;105.2226;-0.1019
705;20.5045;105.2488;-0.0907
706;1.0782;103.7114;-0.0432
707;2.4236;103.6477;-0.0427
708;3.9161;103.6734;-0.0478
709;5.4608;103.6984;-0.0535
710;7.0285;103.7187;-0.0626
711;8.6068;103.7394;-0.0592
712;10.1927;103.7594;-0.0717
713;11.7801;103.7815;-0.0774
714;13.3708;103.7970;-0.0776
715;14.9630;103.8129;-0.0847
716;16.5625;103.8316;-0.0904
717;18.1718;103.8577;-0.0954
718;19.8137;103.9219;-0.0972
719;1.4615;102.2942;-0.0398
720;3.0934;102.3119;-0.0430
721;4.6739;102.3312;-0.0510
722;6.2459;102.3526;-0.0526
723;7.8266;102.3710;-0.0628
724;9.4101;102.3915;-0.0685
725;10.9987;102.4092;-0.0733
726;12.5874;102.4290;-0.0692
727;14.1778;102.4451;-0.0761
728;15.7721;102.4649;-0.0848
729;17.3608;102.4791;-0.0846
730;18.9280;102.5104;-0.0977
731;20.3624;102.6618;-0.0979
732;1.0478;100.8439;-0.0341
733;2.4210;100.9624;-0.0477
734;3.9264;100.9678;-0.0491
735;5.4795;100.9860;-0.0547
736;7.0502;101.0029;-0.0492
737;8.6313;101.0230;-0.0592
738;10.2143;101.0426;-0.0648
739;11.8048;101.0600;-0.0641
740;13.3967;101.0790;-0.0800
741;14.9922;101.0954;-0.0830
742;16.5983;101.1128;-0.0796
743;18.2347;101.1304;-0.0847
744;19.9478;101.1929;-0.0934
745;1.5884;99.5846;-0.0380
746;3.1423;99.5988;-0.0401
747;4.7025;99.6167;-0.0492
748;6.2719;99.6363;-0.0546
749;7.8519;99.6563;-0.0602
750;9.4341;99.6728;-0.0555
751;11.0217;99.6928;-0.0614
752;12.6102;99.7085;-0.0635
753;14.2048;99.7268;-0.0720
754;15.7998;99.7433;-0.0828
755;17.3990;99.7615;-0.0697
756;18.9872;99.7728;-0.0829
757;20.4195;99.7786;-0.0895
758;0.9565;98.3193;-0.0445
759;2.4068;98.2274;-0.0396
760;3.9377;98.2492;-0.0455
761;5.4973;98.2713;-0.0545
762;7.0732;98.2897;-0.0591
763;8.6544;98.3059;-0.0640
764;10.2402;98.3226;-0.0619
765;11.8282;98.3400;-0.0662
766;13.4207;98.3537;-0.0691
767;15.0129;98.3767;-0.0680
768;16.6183;98.3988;-0.0728
769;18.2505;98.4091;-0.0822
770;19.9447;98.3529;-0.0800
771;1.5381;96.8680;-0.0469
772;3.1377;96.8828;-0.0368
773;4.7138;96.9017;-0.0454
774;6.2912;96.9214;-0.0495
775;7.8735;96.9400;-0.0566
776;9.4573;96.9566;-0.0507
777;11.0457;96.9727;-0.0615
778;12.6350;96.9900;-0.0646
779;14.2251;97.0077;-0.0686
780;15.8154;97.0264;-0.0700
781;17.3976;97.0435;-0.0663
782;18.9473;97.0336;-0.0784
783;20.3635;96.8842;-0.0770
784;0.9595;95.4064;-0.0388
785;2.4161;95.5250;-0.0444
786;3.9537;95.5384;-0.0437
787;5.5198;95.5549;-0.0547
788;7.0954;95.5725;-0.0567
789;8.6784;95.5899;-0.0511
790;10.2650;95.6070;-0.0596
791;11.8539;95.6230;-0.0634
792;13.4394;95.6416;-0.0501
793;15.0343;95.6577;-0.0677
794;16.6260;95.6707;-0.0720
795;18.2182;95.6747;-0.0686
796;19.8393;95.6215;-0.0711
797;1.6024;94.1474;-0.0406
798;3.1742;94.1696;-0.0480
799;4.7433;94.1894;-0.0521
800;6.3176;94.2091;-0.0544
801;7.8976;94.2261;-0.0511
802;9.4826;94.2416;-0.0604
803;11.0707;94.2551;-0.0642
804;12.6595;94.2714;-0.0549
805;14.2488;94.2895;-0.0621
806;15.8390;94.3039;-0.0632
807;17.4207;94.3144;-0.0646
808;18.9850;94.3161;-0.0659
809;20.5256;94.2892;-0.0702
810;1.0663;92.8693;-0.0378
811;2.4650;92.7891;-0.0436
812;3.9857;92.8205;-0.0471
813;5.5434;92.8426;-0.0489
814;7.1191;92.8597;-0.0489
815;8.7026;92.8752;-0.0530
816;10.2865;92.8900;-0.0460
817;11.8778;92.9036;-0.0593
818;13.4667;92.9184;-0.0607
819;15.0562;92.9374;-0.0560
820;16.6463;92.9495;-0.0588
821;18.2395;92.9580;-0.0671
822;19.8541;92.9906;-0.0655
823;1.5005;91.4347;-0.0467
824;3.1620;91.4561;-0.0475
825;4.7557;91.4771;-0.0495
826;6.3374;91.4936;-0.0470
827;7.9207;91.5083;-0.0507
828;9.5055;91.5233;-0.0475
829;11.0932;91.5368;-0.0476
830;12.6843;91.5536;-0.0553
831;14.2752;91.5691;-0.0624
832;15.8618;91.5822;-0.0616
833;17.4385;91.5937;-0.0642
834;18.9836;91.5999;-0.0621
835;20.4024;91.7104;-0.0634
836;1.1082;90.0049;-0.0453
837;2.4872;90.1032;-0.0475
838;4.0065;90.1139;-0.0467
839;5.5661;90.1290;-0.0370
840;7.1427;90.1438;-0.0429
841;8.7258;90.1575;-0.0463
842;10.3125;90.1728;-0.0482
843;11.9008;90.1873;-0.0528
844;13.4918;90.2027;-0.0543
845;15.0837;90.2169;-0.0562
846;16.6817;90.2305;-0.0637
847;18.2961;90.2472;-0.0599
848;19.9900;90.2670;-0.0601
849;1.6258;88.7174;-0.0438
850;3.2162;88.7480;-0.0475
851;4.7877;88.7643;-0.0426
852;6.3653;88.7786;-0.0459
853;7.9448;88.7929;-0.0437
854;9.5295;88.8084;-0.0382
855;11.1189;88.8220;-0.0493
856;12.7089;88.8368;-0.0554
857;14.2989;88.8504;-0.0579
858;15.8857;88.8635;-0.0538
859;17.4643;88.8809;-0.0543
860;19.0069;88.9112;-0.0555
861;20.4317;88.8290;-0.0711
862;0.9712;87.4280;-0.0388
863;2.4798;87.3971;-0.0441
864;4.0229;87.4008;-0.0460
865;5.5899;87.4146;-0.0451
866;7.1674;87.4291;-0.0484
867;8.7515;87.4420;-0.0467
868;10.3370;87.4563;-0.0455
869;11.9268;87.4693;-0.0513
870;13.5166;87.4836;-0.0513
871;15.1061;87.4968;-0.0489
872;16.6959;87.5109;-0.0498
873;18.2829;87.5257;-0.0476
874;19.8811;87.5464;-0.0542
875;1.6426;86.0947;-0.0383
876;3.2373;86.0465;-0.0468
877;4.8109;86.0499;-0.0422
878;6.3881;86.0628;-0.0435
879;7.9720;86.0779;-0.0489
880;9.5563;86.0905;-0.0457
881;11.1436;86.1054;-0.0414
882;12.7335;86.1177;-0.0481
883;14.3229;86.1297;-0.0478
884;15.9113;86.1439;-0.0483
885;17.4922;86.1569;-0.0517
886;19.0519;86.1671;-0.0470
887;20.5372;86.2828;-0.0516
888;1.1328;84.8383;-0.0427
889;2.5227;84.6948;-0.0413
890;4.0485;84.6837;-0.0389
891;5.6118;84.6960;-0.0404
892;7.1931;84.7122;-0.0523
893;8.7750;84.7256;-0.0453
894;10.3609;84.7390;-0.0457
895;11.9513;84.7505;-0.0502
896;13.5414;84.7628;-0.0514
897;15.1315;84.7754;-0.0492
898;16.7215;84.7880;-0.0432
899;18.3188;84.8021;-0.0496
900;19.9486;84.8189;-0.0447
901;1.5424;83.3825;-0.0458
902;3.2084;83.3246;-0.0422
903;4.8147;83.3308;-0.0384
904;6.4062;83.3454;-0.0344
905;7.9954;83.3604;-0.0410
906;9.5804;83.3722;-0.0390
907;11.1675;83.3841;-0.0371
908;12.7572;83.3979;-0.0435
909;14.3477;83.4109;-0.0426
910;15.9364;83.4230;-0.0446
911;17.5136;83.4367;-0.0378
912;19.0678;83.4541;-0.0479
913;20.5454;83.3592;-0.0388
914;1.0771;81.9665;-0.0357
915;2.4833;81.9663;-0.0340
916;4.0438;81.9720;-0.0396
917;5.6257;81.9847;-0.0321
918;7.2127;81.9937;-0.0385
919;8.7993;82.0097;-0.0338
920;10.3881;82.0193;-0.0406
921;11.9770;82.0306;-0.0426
922;13.5684;82.0440;-0.0449
923;15.1559;82.0559;-0.0412
924;16.7420;82.0673;-0.0405
925;18.3196;82.0803;-0.0390
926;19.8990;82.0872;-0.0313
927;1.5476;80.5493;-0.0327
928;3.2214;80.6090;-0.0397
929;4.8357;80.6217;-0.0359
930;6.4291;80.6314;-0.0360
931;8.0176;80.6440;-0.0355
932;9.6061;80.6533;-0.0388
933;11.1955;80.6657;-0.0349
934;12.7859;80.6767;-0.0359
935;14.3738;80.6898;-0.0361
936;15.9582;80.6979;-0.0375
937;17.5250;80.7077;-0.0317
938;19.0525;80.7061;-0.0339
939;20.4546;80.8224;-0.0356
940;1.1317;79.0902;-0.0326
941;2.5459;79.2336;-0.0359
942;4.0825;79.2586;-0.0317
943;5.6577;79.2674;-0.0358
944;7.2404;79.2804;-0.0332
945;8.8264;79.2894;-0.0380
946;10.4140;79.3001;-0.0363
947;12.0034;79.3113;-0.0353
948;13.5932;79.3244;-0.0298
949;15.1827;79.3324;-0.0311
950;16.7718;79.3444;-0.0331
951;18.3687;79.3549;-0.0280
952;20.0308;79.3669;-0.0292
953;1.6755;77.8256;-0.0400
954;3.2893;77.8826;-0.0368
955;4.8763;77.9023;-0.0366
956;6.4599;77.9160;-0.0323
957;8.0470;77.9273;-0.0357
958;9.6329;77.9366;-0.0341
959;11.2222;77.9471;-0.0327
960;12.8083;77.9598;-0.0168
961;14.3971;77.9689;-0.0197
962;15.9812;77.9798;-0.0318
963;17.5457;77.9938;-0.0300
964;19.0585;78.0115;-0.0226
965;20.4278;77.9385;-0.0298
966;0.9971;76.5072;-0.0304
967;2.5384;76.5195;-0.0308
968;4.1053;76.5363;-0.0375
969;5.6839;76.5512;-0.0308
970;7.2690;76.5628;-0.0371
971;8.8535;76.5727;-0.0384
972;10.4411;76.5825;-0.0356
973;12.0297;76.5911;-0.0335
974;13.6170;76.6035;-0.0204
975;15.2054;76.6140;-0.0276
976;16.7845;76.6263;-0.0254
977;18.3508;76.6382;-0.0267
978;19.9239;76.6330;-0.0199
979;1.6826;75.2025;-0.0231
980;3.3070;75.1759;-0.0350
981;4.8988;75.1873;-0.0325
982;6.4867;75.1979;-0.0325
983;8.0740;75.2102;-0.0357
984;9.6590;75.2196;-0.0211
985;11.2483;75.2295;-0.0275
986;12.8371;75.2386;-0.0275
987;14.4251;75.2479;-0.0281
988;16.0071;75.2574;-0.0262
989;17.5678;75.2708;-0.0225
990;19.0933;75.2915;-0.0236
991;20.5688;75.3425;-0.0137
992;1.1423;73.9386;-0.0297
993;2.5748;73.8179;-0.0269
994;4.1293;73.8237;-0.0233
995;5.7102;73.8340;-0.0360
996;7.2946;73.8461;-0.0388
997;8.8803;73.8553;-0.0341
998;10.4670;73.8648;-0.0221
999;12.0568;73.8732;-0.0231
1000;13.6452;73.8835;-0.0249
1001;15.2310;73.8905;-0.0203
1002;16.8066;73.9007;-0.0204
1003;18.3676;73.9217;-0.0215
1004;19.9294;73.9921;-0.0159
1005;1.5740;72.5015;-0.0266
1006;3.2848;72.4711;-0.0277
1007;4.9111;72.4742;-0.0355
1008;6.5065;72.4819;-0.0206
1009;8.0987;72.4899;-0.0210
1010;9.6863;72.5013;-0.0281
1011;11.2754;72.5104;-0.0249
1012;12.8644;72.5182;-0.0201
1013;14.4521;72.5267;-0.0188
1014;16.0312;72.5343;-0.0214
1015;17.5845;72.5423;-0.0183
1016;19.0813;72.5750;-0.0163
1017;20.4273;72.7201;-0.0122
1018;1.1179;71.0749;-0.0267
1019;2.5813;71.1488;-0.0316
1020;4.1476;71.1223;-0.0278
1021;5.7313;71.1202;-0.0289
1022;7.3173;71.1277;-0.0243
1023;8.9062;71.1352;-0.0218
1024;10.4955;71.1445;-0.0187
1025;12.0852;71.1538;-0.0227
1026;13.6727;71.1613;-0.0202
1027;15.2605;71.1676;-0.0082
1028;16.8422;71.1762;-0.0144
1029;18.4272;71.1897;-0.0138
1030;20.0468;71.2603;-0.0102
1031;1.7265;69.8196;-0.0305
1032;3.3585;69.7860;-0.0297
1033;4.9509;69.7671;-0.0230
1034;6.5405;69.7674;-0.0260
1035;8.1261;69.7743;-0.0248
1036;9.7136;69.7811;-0.0182
1037;11.3030;69.7885;-0.0206
1038;12.8935;69.7969;-0.0242
1039;14.4816;69.8047;-0.0180
1040;16.0609;69.8092;-0.0134
1041;17.6242;69.8217;-0.0064
1042;19.1424;69.8401;-0.0057
1043;20.4898;69.8344;-0.0066
1044;1.1559;68.6213;-0.0254
1045;2.6656;68.4690;-0.0301
1046;4.2087;68.4226;-0.0281
1047;5.7733;68.4102;-0.0176
1048;7.3524;68.4132;-0.0214
1049;8.9359;68.4187;-0.0223
1050;10.5224;68.4255;-0.0198
1051;12.1113;68.4320;-0.0212
1052;13.7012;68.4407;-0.0152
1053;15.2866;68.4484;-0.0092
1054;16.8677;68.4565;-0.0100
1055;18.4485;68.4667;-0.0065
1056;20.0593;68.4351;-0.0055
1057;0.8391;67.1245;-0.0304
1058;2.0847;67.1422;-0.0269
1059;3.5151;67.0703;-0.0198
1060;5.0295;67.0525;-0.0191
1061;6.5848;67.0512;-0.0185
1062;8.1593;67.0549;-0.0199
1063;9.7437;67.0606;-0.0168
1064;11.3308;67.0682;-0.0160
1065;12.9206;67.0764;-0.0209
1066;14.5062;67.0826;-0.0121
1067;16.0825;67.0908;-0.0054
1068;17.6311;67.0993;-0.0012
1069;19.1161;67.0985;-0.0024
1070;20.4531;66.9962;-0.0019
1071;1.3833;65.7557;-0.0225
1072;2.8067;65.7138;-0.0259
1073;4.2915;65.6875;-0.0246
1074;5.8262;65.6869;-0.0193
1075;7.3890;65.6940;-0.0160
1076;8.9656;65.6986;-0.0120
1077;10.5485;65.7048;-0.0110
1078;12.1402;65.7104;-0.0200
1079;13.7282;65.7179;-0.0139
1080;15.3118;65.7250;-0.0059
1081;16.8807;65.7293;-0.0020
1082;18.4270;65.7331;-0.0032
1083;19.9702;65.7060;0.0060
1084;0.9616;64.4299;-0.0216
1085;2.1832;64.3409;-0.0198
1086;3.5798;64.3213;-0.0174
1087;5.0784;64.3221;-0.0248
1088;6.6231;64.3289;-0.0191
1089;8.1935;64.3357;-0.0134
1090;9.7727;64.3426;-0.0135
1091;11.3588;64.3483;-0.0090
1092;12.9474;64.3545;-0.0176
1093;14.5333;64.3596;-0.0032
1094;16.1083;64.3664;0.0018
1095;17.6575;64.3711;-0.0063
1096;19.1587;64.3788;-0.0039
1097;20.6026;64.3804;0.0078
1098;1.3120;62.9986;-0.0228
1099;2.8084;62.9596;-0.0190
1100;4.3159;62.9583;-0.0121
1101;5.8557;62.9665;-0.0184
1102;7.4206;62.9730;-0.0181
1103;8.9954;62.9789;-0.0090
1104;10.5794;62.9847;-0.0002
1105;12.1662;62.9922;-0.0065
1106;13.7556;62.9980;-0.0099
1107;15.3370;63.0022;0.0015
1108;16.9041;63.0072;0.0044
1109;18.4477;63.0154;0.0012
1110;19.9822;63.0604;0.0121
1111;0.9424;61.6036;-0.0238
1112;2.1696;61.5984;-0.0266
1113;3.5937;61.5984;-0.0271
1114;5.1002;61.6033;-0.0092
1115;6.6510;61.6119;-0.0145
1116;8.2215;61.6172;-0.0093
1117;9.8007;61.6234;-0.0043
1118;11.3878;61.6289;-0.0076
1119;12.9737;61.6335;-0.0004
1120;14.5605;61.6389;-0.0008
1121;16.1331;61.6429;0.0037
1122;17.6774;61.6426;0.0013
1123;19.1495;61.6615;0.0111
1124;20.4737;61.7682;0.0064
1125;1.3229;60.2082;-0.0201
1126;2.8273;60.2373;-0.0157
1127;4.3402;60.2442;-0.0101
1128;5.8848;60.2500;-0.0187
1129;7.4469;60.2566;-0.0117
1130;9.0246;60.2626;-0.0093
1131;10.6075;60.2677;-0.0020
1132;12.1933;60.2714;-0.0012
1133;13.7821;60.2765;-0.0009
1134;15.3654;60.2800;0.0073
1135;16.9421;60.2812;0.0089
1136;18.5099;60.2884;0.0094
1137;20.1009;60.3344;0.0099
1138;0.9810;58.7835;-0.0256
1139;2.2177;58.8660;-0.0198
1140;3.6323;58.8808;-0.0076
1141;5.1334;58.8890;-0.0134
1142;6.6808;58.8948;-0.0100
1143;8.2513;58.9015;-0.0074
1144;9.8311;58.9054;-0.0033
1145;11.4152;58.9100;-0.0041
1146;13.0032;58.9149;0.0024
1147;14.5892;58.9180;0.0029
1148;16.1640;58.9208;0.0101
1149;17.7161;58.9250;0.0098
1150;19.2100;58.9276;0.0089
1151;20.5276;58.9400;0.0114
1152;1.4314;57.4767;-0.0110
1153;2.8910;57.5126;-0.0115
1154;4.3818;57.5247;-0.0118
1155;5.9160;57.5302;-0.0112
1156;7.4788;57.5371;-0.0094
1157;9.0538;57.5430;-0.0028
1158;10.6374;57.5475;-0.0034
1159;12.2245;57.5518;-0.0041
1160;13.8094;57.5567;0.0107
1161;15.3947;57.5593;0.0062
1162;16.9671;57.5636;0.0065
1163;18.5295;57.5655;0.0088
1164;20.1085;57.5180;0.0211
1165;0.8629;56.1452;-0.0114
1166;2.2160;56.1551;-0.0083
1167;3.6552;56.1594;-0.0066
1168;5.1626;56.1685;-0.0106
1169;6.7089;56.1766;-0.0069
1170;8.2785;56.1815;-0.0056
1171;9.8607;56.1854;-0.0024
1172;11.4452;56.1891;0.0036
1173;13.0308;56.1939;0.0111
1174;14.6142;56.1971;0.0101
1175;16.1878;56.1984;0.0115
1176;17.7227;56.2027;0.0159
1177;19.1840;56.1853;0.0210
1178;20.4869;56.0559;0.0283
1179;1.4468;54.8310;-0.0131
1180;2.9140;54.7999;-0.0157
1181;4.4092;54.8024;-0.0073
1182;5.9464;54.8130;-0.0067
1183;7.5080;54.8199;-0.0074
1184;9.0823;54.8239;0.0042
1185;10.6657;54.8266;-0.0010
1186;12.2526;54.8304;0.0059
1187;13.8397;54.8347;0.0188
1188;15.4203;54.8346;0.0087
1189;16.9819;54.8364;0.0139
1190;18.5089;54.8288;0.0218
1191;20.0233;54.7716;0.0244
1192;0.9951;53.5234;-0.0085
1193;2.2548;53.4423;-0.0060
1194;3.6801;53.4381;-0.0032
1195;5.1908;53.4473;-0.0119
1196;6.7400;53.4549;-0.0083
1197;8.3098;53.4593;0.0001
1198;9.8891;53.4641;0.0079
1199;11.4727;53.4679;0.0079
1200;13.0588;53.4693;0.0158
1201;14.6438;53.4712;0.0146
1202;16.2166;53.4729;0.0101
1203;17.7533;53.4711;0.0143
1204;19.2301;53.4610;0.0241
1205;20.6404;53.4148;0.0339
1206;1.3606;52.1069;-0.0177
1207;2.8918;52.0808;-0.0068
1208;4.4231;52.0856;-0.0163
1209;5.9692;52.0938;-0.0088
1210;7.5361;52.0996;-0.0042
1211;9.1123;52.1041;0.0033
1212;10.6958;52.1050;0.0076
1213;12.2809;52.1077;0.0140
1214;13.8696;52.1101;0.0136
1215;15.4478;52.1101;0.0212
1216;17.0081;52.1091;0.0218
1217;18.5359;52.1081;0.0260
1218;20.0434;52.1241;0.0303
1219;0.9717;50.7292;-0.0116
1220;2.2405;50.7217;-0.0063
1221;3.6907;50.7293;-0.0095
1222;5.2121;50.7340;-0.0064
1223;6.7657;50.7381;0.0005
1224;8.3384;50.7441;0.0044
1225;9.9182;50.7462;0.0100
1226;11.5031;50.7462;0.0062
1227;13.0899;50.7489;0.0112
1228;14.6765;50.7495;0.0155
1229;16.2433;50.7468;0.0265
1230;17.7767;50.7436;0.0317
1231;19.2338;50.7443;0.0261
1232;20.5297;50.8149;0.0354
1233;1.3915;49.3159;-0.0068
1234;2.9206;49.3654;-0.0050
1235;4.4508;49.3747;-0.0047
1236;5.9993;49.3791;-0.0002
1237;7.5649;49.3825;0.0093
1238;9.1424;49.3845;0.0079
1239;10.7280;49.3855;0.0039
1240;12.3130;49.3889;0.0148
1241;13.8985;49.3899;0.0180
1242;15.4825;49.3884;0.0159
1243;17.0501;49.3860;0.0247
1244;18.6040;49.3839;0.0292
1245;20.1746;49.4101;0.0357
1246;1.0387;47.8702;-0.0053
1247;2.3039;47.9912;-0.0042
1248;3.7345;48.0134;-0.0013
1249;5.2474;48.0187;0.0025
1250;6.7995;48.0224;0.0041
1251;8.3698;48.0263;0.0092
1252;9.9492;48.0265;0.0132
1253;11.5334;48.0284;0.0143
1254;13.1212;48.0298;0.0213
1255;14.7060;48.0296;0.0191
1256;16.2770;48.0268;0.0213
1257;17.8146;48.0298;0.0273
1258;19.2828;48.0228;0.0373
1259;20.5617;48.0062;0.0374
1260;1.4973;46.5831;-0.0048
1261;2.9833;46.6410;0.0017
1262;4.4897;46.6552;0.0010
1263;6.0326;46.6616;0.0077
1264;7.5974;46.6646;0.0110
1265;9.1758;46.6679;0.0075
1266;10.7575;46.6683;0.0102
1267;12.3432;46.6688;0.0180
1268;13.9305;46.6694;0.0190
1269;15.5094;46.6691;0.0270
1270;17.0724;46.6714;0.0216
1271;18.6096;46.6728;0.0353
1272;20.1563;46.5988;0.0437
1273;0.9089;45.2214;-0.0023
1274;2.2926;45.2748;-0.0027
1275;3.7565;45.2923;-0.0032
1276;5.2770;45.3011;0.0059
1277;6.8290;45.3046;0.0076
1278;8.3990;45.3048;0.0151
1279;9.9789;45.3090;0.0183
1280;11.5665;45.3086;0.0166
1281;13.1530;45.3092;0.0200
1282;14.7339;45.3103;0.0247
1283;16.2963;45.3079;0.0320
1284;17.8146;45.3128;0.0290
1285;19.2434;45.3093;0.0359
1286;20.5246;45.1353;0.0429
1287;1.5073;43.9318;-0.0041
1288;3.0029;43.9301;-0.0011
1289;4.5164;43.9380;0.0037
1290;6.0634;43.9430;0.0118
1291;7.6288;43.9459;0.0080
1292;9.2035;43.9468;0.0152
1293;10.7883;43.9480;0.0224
1294;12.3737;43.9475;0.0193
1295;13.9576;43.9489;0.0347
1296;15.5330;43.9465;0.0325
1297;17.0810;43.9444;0.0296
1298;18.5749;43.9432;0.0375
1299;20.0240;43.9425;0.0405
1300;1.0424;42.6177;-0.0087
1301;2.3346;42.5651;-0.0078
1302;3.7828;42.5716;0.0015
1303;5.3029;42.5817;0.0064
1304;6.8569;42.5843;0.0130
1305;8.4275;42.5884;0.0167
1306;10.0112;42.5877;0.0181
1307;11.5964;42.5865;0.0165
1308;13.1828;42.5877;0.0282
1309;14.7641;42.5862;0.0224
1310;16.3249;42.5802;0.0319
1311;17.8370;42.5747;0.0323
1312;19.2568;42.5819;0.0418
1313;20.5329;42.7451;0.0461
1314;1.4255;41.2210;-0.0026
1315;2.9854;41.2121;-0.0020
1316;4.5296;41.2193;0.0078
1317;6.0848;41.2263;0.0141
1318;7.6534;41.2274;0.0143
1319;9.2338;41.2280;0.0211
1320;10.8194;41.2264;0.0157
1321;12.4033;41.2245;0.0331
1322;13.9908;41.2252;0.0299
1323;15.5661;41.2225;0.0260
1324;17.1240;41.2138;0.0338
1325;18.6527;41.2156;0.0446
1326;20.1847;41.2959;0.0500
1327;1.0433;39.8316;0.0034
1328;2.3291;39.8446;0.0014
1329;3.7943;39.8630;0.0082
1330;5.3248;39.8644;0.0164
1331;6.8851;39.8685;0.0115
1332;8.4570;39.8678;0.0215
1333;10.0411;39.8682;0.0187
1334;11.6260;39.8682;0.0148
1335;13.2137;39.8684;0.0257
1336;14.7953;39.8626;0.0425
1337;16.3627;39.8578;0.0341
1338;17.8909;39.8535;0.0423
1339;19.3432;39.8718;0.0430
1340;20.6058;39.8915;0.0512
1341;1.4607;38.4255;0.0004
1342;3.0210;38.5046;0.0004
1343;4.5614;38.5073;0.0058
1344;6.1140;38.5096;0.0168
1345;7.6841;38.5086;0.0182
1346;9.2620;38.5085;0.0204
1347;10.8478;38.5093;0.0240
1348;12.4344;38.5081;0.0231
1349;14.0184;38.5028;0.0351
1350;15.5975;38.4990;0.0473
1351;17.1593;38.4969;0.0403
1352;18.6963;38.5011;0.0443
1353;20.2279;38.4973;0.0462
1354;1.0950;36.9664;0.0075
1355;2.4006;37.1440;0.0047
1356;3.8478;37.1531;0.0087
1357;5.3653;37.1518;0.0144
1358;6.9173;37.1528;0.0216
1359;8.4903;37.1504;0.0188
1360;10.0698;37.1516;0.0230
1361;11.6545;37.1461;0.0255
1362;13.2407;37.1460;0.0386
1363;14.8233;37.1408;0.0429
1364;16.3879;37.1387;0.0417
1365;17.9063;37.1416;0.0504
1366;19.3322;37.1438;0.0536
1367;20.5864;37.0870;0.0599
1368;1.6253;35.7838;0.0006
1369;3.1052;35.7905;0.0057
1370;4.6112;35.7917;0.0093
1371;6.1543;35.7923;0.0180
1372;7.7182;35.7910;0.0217
1373;9.2948;35.7907;0.0245
1374;10.8768;35.7894;0.0301
1375;12.4631;35.7860;0.0342
1376;14.0477;35.7821;0.0401
1377;15.6229;35.7800;0.0456
1378;17.1719;35.7764;0.0604
1379;18.6728;35.7768;0.0568
1380;20.1381;35.7680;0.0591
1381;1.1072;34.6014;0.0095
1382;2.4256;34.4295;0.0122
1383;3.8756;34.4259;0.0088
1384;5.3923;34.4317;0.0188
1385;6.9494;34.4318;0.0223
1386;8.5192;34.4328;0.0257
1387;10.1008;34.4308;0.0331
1388;11.6849;34.4281;0.0304
1389;13.2703;34.4253;0.0432
1390;14.8515;34.4210;0.0493
1391;16.4144;34.4175;0.0485
1392;17.9296;34.4147;0.0558
1393;19.3649;34.4270;0.0715
1394;20.7160;34.4557;0.0704
1395;1.4841;33.1530;0.0035
1396;3.0646;33.0721;0.0088
1397;4.6148;33.0695;0.0157
1398;6.1755;33.0727;0.0194
1399;7.7452;33.0749;0.0216
1400;9.3233;33.0739;0.0292
1401;10.9076;33.0702;0.0276
1402;12.4943;33.0667;0.0373
1403;14.0769;33.0632;0.0477
1404;15.6528;33.0578;0.0487
1405;17.1968;33.0503;0.0509
1406;18.6922;33.0572;0.0570
1407;20.1466;33.1097;0.0652
1408;1.0656;31.7438;0.0123
1409;2.3773;31.7308;0.0144
1410;3.8668;31.7172;0.0190
1411;5.4094;31.7146;0.0175
1412;6.9716;31.7162;0.0260
1413;8.5505;31.7126;0.0226
1414;10.1311;31.7122;0.0262
1415;11.7157;31.7085;0.0356
1416;13.3000;31.7056;0.0447
1417;14.8826;31.7008;0.0524
1418;16.4416;31.6932;0.0640
1419;17.9535;31.6854;0.0551
1420;19.3617;31.7046;0.0684
1421;20.5958;31.8085;0.0738
1422;1.4848;30.3473;0.0114
1423;3.0702;30.3666;0.0204
1424;4.6324;30.3622;0.0244
1425;6.1997;30.3575;0.0210
1426;7.7739;30.3558;0.0253
1427;9.3534;30.3543;0.0307
1428;10.9369;30.3525;0.0421
1429;12.5262;30.3480;0.0379
1430;14.1097;30.3433;0.0481
1431;15.6858;30.3358;0.0521
1432;17.2391;30.3276;0.0543
1433;18.7584;30.3268;0.0617
1434;20.2582;30.3740;0.0739
1435;1.1113;28.9305;0.0147
1436;2.4315;29.0053;0.0164
1437;3.9059;29.0062;0.0166
1438;5.4397;29.0027;0.0222
1439;7.0013;29.0008;0.0280
1440;8.5781;28.9981;0.0325
1441;10.1610;28.9953;0.0399
1442;11.7456;28.9909;0.0450
1443;13.3335;28.9864;0.0479
1444;14.9135;28.9790;0.0594
1445;16.4773;28.9716;0.0615
1446;17.9949;28.9651;0.0693
1447;19.4186;28.9699;0.0793
1448;20.6452;28.9776;0.0832
1449;1.6028;27.6289;0.0160
1450;3.1391;27.6436;0.0176
1451;4.6783;27.6445;0.0168
1452;6.2338;27.6429;0.0240
1453;7.8039;27.6388;0.0293
1454;9.3823;27.6391;0.0446
1455;10.9676;27.6315;0.0491
1456;12.5536;27.6280;0.0477
1457;14.1396;27.6219;0.0530
1458;15.7149;27.6147;0.0650
1459;17.2696;27.6064;0.0649
1460;18.7871;27.6025;0.0639
1461;20.2759;27.5733;0.0864
1462;0.9879;26.3271;0.0198
1463;2.4294;26.2930;0.0158
1464;3.9301;26.2854;0.0185
1465;5.4717;26.2850;0.0214
1466;7.0324;26.2821;0.0281
1467;8.6084;26.2792;0.0395
1468;10.1901;26.2739;0.0481
1469;11.7761;26.2688;0.0536
1470;13.3633;26.2657;0.0511
1471;14.9428;26.2592;0.0617
1472;16.5039;26.2492;0.0674
1473;18.0147;26.2323;0.0654
1474;19.4095;26.2172;0.0803
1475;20.6254;26.1389;0.0864
1476;1.6234;24.9882;0.0204
1477;3.1625;24.9338;0.0252
1478;4.7047;24.9259;0.0279
1479;6.2632;24.9238;0.0335
1480;7.8358;24.9217;0.0329
1481;9.4145;24.9183;0.0438
1482;10.9981;24.9137;0.0495
1483;12.5846;24.9057;0.0577
1484;14.1691;24.9000;0.0632
1485;15.7446;24.8895;0.0640
1486;17.2930;24.8719;0.0636
1487;18.7841;24.8361;0.0644
1488;20.2062;24.8007;0.0805
1489;1.1430;23.7160;0.0242
1490;2.4783;23.5852;0.0216
1491;3.9584;23.5666;0.0374
1492;5.4975;23.5642;0.0396
1493;7.0630;23.5637;0.0367
1494;8.6402;23.5576;0.0453
1495;10.2211;23.5562;0.0544
1496;11.8074;23.5491;0.0565
1497;13.3926;23.5420;0.0616
1498;14.9753;23.5329;0.0661
1499;16.5429;23.5151;0.0659
1500;18.0672;23.4793;0.0728
1501;19.5022;23.4038;0.0865
1502;20.7474;23.4323;0.0923
1503;1.5384;22.2716;0.0148
1504;3.1475;22.2129;0.0109
1505;4.7176;22.2080;0.0311
1506;6.2877;22.2056;0.0363
1507;7.8615;22.2040;0.0517
1508;9.4458;22.1977;0.0489
1509;11.0296;22.1919;0.0573
1510;12.6162;22.1842;0.0596
1511;14.2038;22.1771;0.0574
1512;15.7851;22.1644;0.0707
1513;17.3575;22.1330;0.0743
1514;18.9069;22.0676;0.0803
1515;20.4250;21.9191;0.0943
1516;1.0875;20.8701;0.0198
1517;2.4488;20.8599;0.0186
1518;3.9651;20.8555;0.0284
1519;5.5192;20.8511;0.0322
1520;7.0905;20.8447;0.0375
1521;8.6694;20.8420;0.0455
1522;10.2517;20.8367;0.0574
1523;11.8395;20.8293;0.0487
1524;13.4255;20.8211;0.0610
1525;15.0135;20.8127;0.0721
1526;16.6044;20.7953;0.0764
1527;18.2060;20.7552;0.0791
1528;19.8456;20.7091;0.0892
1529;1.5542;19.4567;0.0183
1530;3.1670;19.4995;0.0230
1531;4.7416;19.4974;0.0358
1532;6.3160;19.4915;0.0378
1533;7.8928;19.4873;0.0425
1534;9.4743;19.4822;0.0552
1535;11.0607;19.4762;0.0554
1536;12.6474;19.4667;0.0576
1537;14.2350;19.4574;0.0638
1538;15.8232;19.4470;0.0727
1539;17.4135;19.4224;0.0807
1540;18.9942;19.3811;0.0826
1541;20.4790;19.4606;0.0963
1542;1.1727;18.0100;0.0251
1543;2.5186;18.1287;0.0288
1544;4.0086;18.1401;0.0332
1545;5.5546;18.1360;0.0372
1546;7.1231;18.1299;0.0425
1547;8.6998;18.1234;0.0558
1548;10.2831;18.1187;0.0528
1549;11.8684;18.1101;0.0593
1550;13.4569;18.1031;0.0677
1551;15.0470;18.0945;0.0807
1552;16.6507;18.0794;0.0856
1553;18.2860;18.0640;0.0908
1554;20.0227;18.0292;0.0884
1555;1.6753;16.7285;0.0236
1556;3.2325;16.7729;0.0344
1557;4.7864;16.7753;0.0379
1558;6.3508;16.7745;0.0415
1559;7.9260;16.7670;0.0506
1560;9.5076;16.7611;0.0518
1561;11.0909;16.7562;0.0599
1562;12.6780;16.7488;0.0661
1563;14.2651;16.7399;0.0774
1564;15.8567;16.7298;0.0765
1565;17.4439;16.7218;0.0875
1566;19.0139;16.7131;0.0924
1567;20.4631;16.5881;0.1033
1568;1.0379;15.4003;0.0246
1569;2.5115;15.4127;0.0289
1570;4.0308;15.4168;0.0391
1571;5.5822;15.4160;0.0435
1572;7.1528;15.4131;0.0464
1573;8.7295;15.4070;0.0518
1574;10.3129;15.4007;0.0601
1575;11.9002;15.3901;0.0664
1576;13.4859;15.3838;0.0787
1577;15.0774;15.3738;0.0812
1578;16.6701;15.3652;0.0915
1579;18.2748;15.3571;0.0927
1580;19.9103;15.3176;0.0995
1581;1.6870;14.0910;0.0342
1582;3.2562;14.0622;0.0281
1583;4.8116;14.0571;0.0395
1584;6.3804;14.0560;0.0434
1585;7.9562;14.0491;0.0450
1586;9.5372;14.0438;0.0512
1587;11.1235;14.0358;0.0583
1588;12.7079;14.0279;0.0678
1589;14.2972;14.0178;0.0802
1590;15.8862;14.0103;0.0836
1591;17.4739;14.0033;0.0893
1592;19.0491;13.9971;0.0978
1593;20.6038;14.0130;0.1104
1594;1.1878;12.8097;0.0246
1595;2.5551;12.7025;0.0322
1596;4.0599;12.6960;0.0401
1597;5.6116;12.6968;0.0423
1598;7.1832;12.6926;0.0442
1599;8.7616;12.6865;0.0562
1600;10.3448;12.6802;0.0629
1601;11.9303;12.6715;0.0674
1602;13.5163;12.6664;0.0825
1603;15.1063;12.6526;0.0875
1604;16.6986;12.6431;0.0948
1605;18.2969;12.6417;0.1001
1606;19.9220;12.6882;0.1034
1607;1.5941;11.3784;0.0236
1608;3.2333;11.3415;0.0345
1609;4.8239;11.3389;0.0397
1610;6.4015;11.3373;0.0553
1611;7.9848;11.3318;0.0551
1612;9.5674;11.3236;0.0611
1613;11.1517;11.3164;0.0701
1614;12.7367;11.3069;0.0834
1615;14.3256;11.2955;0.0863
1616;15.9149;11.2837;0.0857
1617;17.4958;11.2729;0.1000
1618;19.0435;11.2838;0.1052
1619;20.4588;11.4187;0.1092
1620;1.1631;9.9733;0.0311
1621;2.5355;9.9799;0.0293
1622;4.0679;9.9866;0.0368
1623;5.6341;9.9829;0.0480
1624;7.2079;9.9769;0.0598
1625;8.7919;9.9698;0.0551
1626;10.3741;9.9621;0.0730
1627;11.9600;9.9524;0.0781
1628;13.5479;9.9418;0.0853
1629;15.1401;9.9299;0.0905
1630;16.7410;9.9170;0.0941
1631;18.3624;9.9111;0.1156
1632;20.0525;9.9584;0.1163
1633;1.6232;8.5591;0.0373
1634;3.2611;8.6279;0.0379
1635;4.8542;8.6313;0.0446
1636;6.4327;8.6259;0.0560
1637;8.0142;8.6180;0.0637
1638;9.5969;8.6095;0.0684
1639;11.1834;8.5995;0.0743
1640;12.7703;8.5899;0.0841
1641;14.3589;8.5801;0.0859
1642;15.9495;8.5666;0.0993
1643;17.5428;8.5548;0.1041
1644;19.1159;8.5471;0.1158
1645;20.5355;8.5356;0.1245
1646;1.2290;7.0943;0.0380
1647;2.5981;7.2542;0.0366
1648;4.1125;7.2802;0.0422
1649;5.6692;7.2771;0.0467
1650;7.2426;7.2689;0.0581
1651;8.8240;7.2608;0.0641
1652;10.4043;7.2532;0.0800
1653;11.9921;7.2421;0.0777
1654;13.5804;7.2304;0.0895
1655;15.1714;7.2178;0.0956
1656;16.7717;7.2080;0.0964
1657;18.3896;7.1948;0.1157
1658;20.0740;7.1164;0.1151
1659;1.7375;5.8453;0.0358
1660;3.3258;5.9245;0.0386
1661;4.8941;5.9350;0.0445
1662;6.4656;5.9294;0.0493
1663;8.0440;5.9239;0.0620
1664;9.6252;5.9147;0.0825
1665;11.2105;5.9055;0.0837
1666;12.7995;5.8932;0.0831
1667;14.3845;5.8817;0.1052
1668;15.9731;5.8701;0.0984
1669;17.5482;5.8575;0.1119
1670;19.0885;5.8195;0.1165
1671;20.4888;5.6538;0.1254
1672;1.0645;4.5092;0.0181
1673;2.5787;4.5945;0.0306
1674;4.1230;4.6119;0.0437
1675;5.6850;4.6097;0.0574
1676;7.2593;4.6030;0.0577
1677;8.8388;4.5970;0.0626
1678;10.4227;4.5875;0.0786
1679;12.0087;4.5754;0.0863
1680;13.5961;4.5648;0.0891
1681;15.1830;4.5552;0.1075
1682;16.7712;4.5383;0.1052
1683;18.3613;4.5062;0.1146
1684;19.9716;4.4113;0.1314
1685;1.7263;3.3306;0.0322
1686;3.3073;3.3197;0.0445
1687;4.8715;3.3176;0.0488
1688;6.4404;3.3098;0.0582
1689;8.0165;3.3057;0.0645
1690;9.6004;3.2979;0.0657
1691;11.1818;3.2901;0.0894
1692;12.7690;3.2795;0.0959
1693;14.3600;3.2642;0.0911
1694;15.9437;3.2523;0.1056
1695;17.5256;3.2327;0.1156
1696;19.1040;3.1814;0.1208
1697;20.6558;3.0853;0.1322
1698;1.1856;2.1360;0.0331
1699;2.5175;2.0457;0.0406
1700;4.0087;2.0436;0.0442
1701;5.5577;2.0439;0.0514
1702;7.1262;2.0413;0.0640
1703;8.7059;2.0391;0.0739
1704;10.2895;2.0309;0.0819
1705;11.8771;2.0227;0.0850
1706;13.4628;2.0118;0.0938
1707;15.0525;1.9981;0.0944
1708;16.6403;1.9836;0.1118
1709;18.2439;1.9609;0.1204
1710;19.9074;1.9042;0.1284
